Skip to main content
Skip to local navigation
Skip to EBI global navigation menu
Skip to expanded EBI global navigation menu (includes all sub-sections)
EMBL European Bioinformatics Institute
Services
Research
Training
About us
Protein Data Bank in Europe Protein Data Bank
in EuropeBringing Structure to Biology
PDBePISA
 Feedback
 Share
PISA Interface List.

Session Map help (id=344-6C-C18)
Start	Interfaces	Interface Search
 	Monomers	 
 	Assemblies	 
 Interfaces in PDB 5mlc
CRYO-EM STRUCTURE OF THE SPINACH CHLOROPLAST RIBOSOME REVEALS THE LOCATION OF PLASTID-SPECIFIC RIBOSOMAL PROTEINS AND EXTENSIONS
Interfaces help   XML    View    Details    Download Search
 ## 	 Structure 1 	 × 	 Structure 2 	 interface 
 area, Å2 	 ΔiG 
 kcal/mol 	 ΔiG 
 P-value 	 NHB 	 NSB 	 NDS 	 CSS 
 NN 	 «» 	 Range 	 iNat 	 iNres 	 Surface Å2 	 Range 	 iNat 	 iNres 	 Surface Å2 
 1 		D	 647 	 147 	 16196 	 ◊ 	A	 787 	 134 	 389100 	  6579.9 	  -113.5 	 0.686 	 113 	 0 	 0 	 0.000 
 2 		N	 513 	 113 	 16283 	 ◊ 	A	 687 	 142 	 389100 	  5360.3 	  -102.7 	 0.797 	 81 	 0 	 0 	 0.000 
 3 		E	 457 	 105 	 14049 	 ◊ 	A	 557 	 100 	 389100 	  4617.8 	  -106.6 	 0.443 	 71 	 0 	 0 	 0.000 
 4 		F	 408 	 100 	 13809 	 ◊ 	A	 571 	 95 	 389100 	  4503.3 	  -79.0 	 0.805 	 76 	 0 	 0 	 0.000 
 5 		S	 350 	 68 	 9986 	 ◊ 	A	 510 	 88 	 389100 	  4075.9 	  -73.2 	 0.822 	 93 	 0 	 0 	 0.000 
 6 		4	 288 	 60 	 5699 	 ◊ 	A	 415 	 77 	 389100 	  3242.6 	  -66.1 	 0.682 	 57 	 0 	 0 	 0.000 
 7 		L	 317 	 88 	 13616 	 ◊ 	A	 387 	 65 	 389100 	  3167.6 	  -49.7 	 0.955 	 55 	 0 	 0 	 0.000 
 8 		X	 297 	 64 	 9635 	 ◊ 	A	 387 	 83 	 389100 	  2980.5 	  -54.0 	 0.639 	 48 	 0 	 0 	 0.000 
 9 		5	 242 	 56 	 6153 	 ◊ 	A	 338 	 73 	 389100 	  2712.2 	  -53.4 	 0.636 	 54 	 0 	 0 	 0.000 
 10 		A	 343 	 64 	 389100 	 ◊ 	C	 315 	 48 	 16885 	  2683.7 	  -30.4 	 1.000 	 35 	 0 	 0 	 0.000 
 11 		O	 268 	 68 	 8877 	 ◊ 	A	 341 	 63 	 389100 	  2679.7 	  -59.4 	 0.458 	 46 	 0 	 0 	 0.000 
 12 		W	 248 	 71 	 10004 	 ◊ 	A	 306 	 61 	 389100 	  2495.4 	  -49.0 	 0.559 	 37 	 0 	 0 	 0.000 
 13 		U	 236 	 63 	 10862 	 ◊ 	A	 315 	 55 	 389100 	  2488.3 	  -37.3 	 0.955 	 41 	 0 	 0 	 0.000 
 14 		P	 221 	 53 	 7964 	 ◊ 	A	 299 	 53 	 389100 	  2371.3 	  -39.8 	 0.583 	 38 	 0 	 0 	 0.000 
 15 		Y	 219 	 50 	 6341 	 ◊ 	A	 264 	 56 	 389100 	  2223.9 	  -48.4 	 0.516 	 47 	 0 	 0 	 0.000 
 16 		7	 156 	 38 	 4981 	 ◊ 	A	 235 	 54 	 389100 	  1776.4 	  -34.9 	 0.831 	 25 	 0 	 0 	 0.000 
 17 		T	 157 	 33 	 9998 	 ◊ 	A	 211 	 43 	 389100 	  1719.3 	  -27.6 	 0.865 	 31 	 0 	 0 	 0.000 
 18 		2	 138 	 23 	 4727 	 ◊ 	A	 221 	 40 	 389100 	  1690.4 	  -32.3 	 0.878 	 24 	 0 	 0 	 0.000 
 19 		H	 162 	 42 	 12043 	 ◊ 	A	 213 	 40 	 389100 	  1665.4 	  -25.9 	 0.623 	 22 	 0 	 0 	 0.000 
 20 		8	 145 	 31 	 5697 	 ◊ 	A	 200 	 45 	 389100 	  1516.1 	  -35.4 	 0.807 	 22 	 0 	 0 	 0.000 
 21 		M	 143 	 37 	 7543 	 ◊ 	A	 174 	 33 	 389100 	  1496.1 	  -19.9 	 0.643 	 17 	 0 	 0 	 0.000 
 22 		Q	 154 	 41 	 7242 	 ◊ 	B	 166 	 28 	 20145 	  1483.7 	  -32.2 	 0.603 	 22 	 0 	 0 	 0.000 
 23 		Z	 140 	 36 	 7770 	 ◊ 	A	 181 	 33 	 389100 	  1443.0 	  -23.3 	 0.845 	 29 	 0 	 0 	 0.000 
 24 		6	 125 	 28 	 3147 	 ◊ 	A	 181 	 40 	 389100 	  1413.3 	  -25.1 	 0.532 	 26 	 0 	 0 	 0.000 
 25 		3	 133 	 32 	 4870 	 ◊ 	A	 159 	 29 	 389100 	  1334.9 	  -29.1 	 0.542 	 20 	 0 	 0 	 0.000 
 26 		V	 135 	 41 	 5944 	 ◊ 	A	 153 	 32 	 389100 	  1259.2 	  -26.5 	 0.710 	 19 	 0 	 0 	 0.000 
 27 		P	 133 	 32 	 7964 	 ◊ 	C	 152 	 27 	 16885 	  1238.1 	  -16.6 	 0.723 	 18 	 0 	 0 	 0.000 
 28 		G	 129 	 38 	 11159 	 ◊ 	A	 144 	 22 	 389100 	  1184.6 	  -18.8 	 0.491 	 12 	 0 	 0 	 0.000 
 29 		S	 107 	 29 	 9986 	 ◊ 	T	 107 	 28 	 9998 	  1022.4 	  -19.4 	 0.039 	 5 	 0 	 0 	 0.000 
 30 		V	 95 	 22 	 5944 	 ◊ 	Z	 81 	 20 	 7770 	  893.4 	  -12.5 	 0.173 	 4 	 0 	 0 	 0.000 
 31 		N	 81 	 16 	 16283 	 ◊ 	5	 96 	 25 	 6153 	  822.9 	  -7.9 	 0.209 	 2 	 2 	 0 	 0.000 
 32 		M	 84 	 20 	 7543 	 ◊ 	R	 81 	 27 	 8178 	  822.7 	  -2.4 	 0.347 	 13 	 7 	 0 	 0.000 
 33 		L	 89 	 21 	 13616 	 ◊ 	S	 81 	 21 	 9986 	  818.0 	  -4.7 	 0.466 	 10 	 0 	 0 	 0.000 
 34 		A	 106 	 20 	 389100 	 ◊ 	B	 102 	 18 	 20145 	  793.8 	  -23.7 	 0.871 	 6 	 0 	 0 	 0.000 
 35 		I	 77 	 16 	 3818 	 ◊ 	A	 101 	 22 	 389100 	  737.1 	  -13.0 	 0.694 	 6 	 0 	 0 	 0.000 
 36 		Q	 79 	 21 	 7242 	 ◊ 	A	 92 	 12 	 389100 	  735.3 	  -4.9 	 0.842 	 13 	 0 	 0 	 0.000 
 37 		E	 64 	 23 	 14049 	 ◊ 	R	 69 	 18 	 8178 	  695.5 	  -15.7 	 0.015 	 2 	 1 	 0 	 0.000 
 38 		F	 79 	 24 	 13809 	 ◊ 	N	 59 	 11 	 16283 	  683.2 	  -4.1 	 0.378 	 10 	 4 	 0 	 0.000 
 39 		9	 64 	 21 	 8215 	 ◊ 	A	 94 	 18 	 389100 	  669.9 	  -10.4 	 0.763 	 8 	 0 	 0 	 0.000 
 40 		R	 61 	 15 	 8178 	 ◊ 	A	 77 	 15 	 389100 	  639.1 	  -12.8 	 0.597 	 11 	 0 	 0 	 0.000 
 41 		G	 62 	 21 	 11159 	 ◊ 	B	 84 	 14 	 20145 	  615.4 	  -3.6 	 0.673 	 9 	 0 	 0 	 0.000 
 42 		U	 68 	 14 	 10862 	 ◊ 	2	 68 	 16 	 4727 	  612.5 	  -10.0 	 0.385 	 3 	 3 	 0 	 0.000 
 43 		T	 65 	 20 	 9998 	 ◊ 	8	 59 	 12 	 5697 	  580.4 	  -6.9 	 0.556 	 8 	 0 	 0 	 0.000 
 44 		E	 59 	 21 	 14049 	 ◊ 	C	 64 	 15 	 16885 	  541.2 	  -13.3 	 0.497 	 10 	 0 	 0 	 0.000 
 45 		R	 55 	 14 	 8178 	 ◊ 	C	 55 	 11 	 16885 	  493.9 	  -12.5 	 0.437 	 7 	 0 	 0 	 0.000 
 46 		L	 45 	 13 	 13616 	 ◊ 	T	 62 	 21 	 9998 	  481.8 	  -4.2 	 0.491 	 3 	 0 	 0 	 0.000 
 47 		2	 46 	 13 	 4727 	 ◊ 	C	 50 	 10 	 16885 	  432.8 	  -9.3 	 0.655 	 6 	 0 	 0 	 0.000 
 48 		8	 28 	 9 	 5697 	 ◊ 	B	 33 	 5 	 20145 	  308.5 	  -4.9 	 0.737 	 2 	 0 	 0 	 0.000 
 49 		O	 35 	 10 	 8877 	 ◊ 	B	 35 	 9 	 20145 	  293.5 	  -8.4 	 0.396 	 3 	 0 	 0 	 0.000 
 50 		O	 29 	 9 	 8877 	 ◊ 	X	 23 	 8 	 9635 	  252.5 	  -2.5 	 0.300 	 0 	 0 	 0 	 0.000 
 51 		I	 30 	 8 	 3818 	 ◊ 	Y	 27 	 6 	 6341 	  228.9 	  0.1 	 0.617 	 2 	 3 	 0 	 0.000 
 52 		S	 24 	 5 	 9986 	 ◊ 	8	 23 	 6 	 5697 	  210.7 	  -1.8 	 0.544 	 2 	 0 	 0 	 0.000 
 53 		L	 21 	 9 	 13616 	 ◊ 	U	 21 	 10 	 10862 	  192.6 	  -4.2 	 0.226 	 0 	 0 	 0 	 0.000 
 54 		L	 15 	 5 	 13616 	 ◊ 	C	 20 	 4 	 16885 	  173.0 	  -3.6 	 0.571 	 1 	 0 	 0 	 0.000 
 55 		X	 15 	 5 	 9635 	 ◊ 	9	 16 	 5 	 8215 	  145.4 	  0.2 	 0.584 	 3 	 0 	 0 	 0.000 
 56 		E	 18 	 3 	 14049 	 ◊ 	L	 13 	 4 	 13616 	  139.2 	  -1.6 	 0.452 	 1 	 0 	 0 	 0.000 
 57 		X	 20 	 5 	 9635 	 ◊ 	B	 15 	 2 	 20145 	  132.1 	  -1.0 	 0.542 	 0 	 0 	 0 	 0.000 
 58 		E	 18 	 7 	 14049 	 ◊ 	P	 8 	 2 	 7964 	  116.4 	  -2.4 	 0.070 	 1 	 0 	 0 	 0.000 
 59 		E	 13 	 5 	 14049 	 ◊ 	M	 11 	 3 	 7543 	  107.7 	  -0.3 	 0.510 	 1 	 0 	 0 	 0.000 
 60 		T	 11 	 5 	 9998 	 ◊ 	U	 11 	 4 	 10862 	  98.2 	  -2.0 	 0.328 	 0 	 0 	 0 	 0.000 
 61 		H	 7 	 2 	 12043 	 ◊ 	6	 12 	 4 	 3147 	  86.6 	  1.4 	 0.613 	 2 	 0 	 0 	 0.000 
 62 		P	 8 	 4 	 7964 	 ◊ 	U	 11 	 4 	 10862 	  73.7 	  -1.3 	 0.373 	 0 	 0 	 0 	 0.000 
 63 		V	 11 	 3 	 5944 	 ◊ 	4	 4 	 1 	 5699 	  65.7 	  -0.6 	 0.536 	 0 	 0 	 0 	 0.000 
 64 		H	 9 	 2 	 12043 	 ◊ 	L	 8 	 2 	 13616 	  58.6 	  0.4 	 0.662 	 1 	 0 	 0 	 0.000 
 65 		N	 6 	 1 	 16283 	 ◊ 	T	 6 	 1 	 9998 	  55.6 	  -0.9 	 0.396 	 0 	 0 	 0 	 0.000 
 66 		S	 8 	 4 	 9986 	 ◊ 	2	 4 	 2 	 4727 	  50.8 	  -0.1 	 0.637 	 0 	 0 	 0 	 0.000 
 67 		3	 6 	 3 	 4870 	 ◊ 	5	 3 	 1 	 6153 	  40.6 	  -1.0 	 0.252 	 0 	 0 	 0 	 0.000 
 68 		F	 2 	 1 	 13809 	 ◊ 	4	 5 	 1 	 5699 	  34.8 	  0.4 	 0.641 	 0 	 0 	 0 	 0.000 
 69 		F	 3 	 2 	 13809 	 ◊ 	S	 1 	 1 	 9986 	  22.6 	  -0.1 	 0.494 	 0 	 0 	 0 	 0.000 
 70 		P	 4 	 2 	 7964 	 ◊ 	2	 3 	 2 	 4727 	  11.4 	  -0.2 	 0.593 	 0 	 0 	 0 	 0.000 
 71 		Q	 1 	 1 	 7242 	 ◊ 	X	 1 	 1 	 9635 	  4.4 	  0.2 	 0.785 	 0 	 0 	 0 	 0.000 
 72 		O	 1 	 1 	 8877 	 ◊ 	9	 1 	 1 	 8215 	  2.6 	  0.0 	 0.597 	 0 	 0 	 0 	 0.000 
   View    Details    Download Search
PDBe PISA v1.52 [20/10/2014]
Protein Data Bank in Europe (PDBe)is a member ofwwPDBEMDataBank
EMBL European Bioinformatics Institute
News
Our impact
Contact us
Intranet
Services
By topic
By name (A-Z)
Help & Support
Research
Overview
Publications
Research groups
Postdocs & PhDs
Training
Overview
Train at EBI
Train outside EBI
Train online
Contact organisers
Industry
Overview
Members Area
Workshops
SME Forum
Contact Industry programme
About us
Overview
Leadership
Funding
Background
Collaboration
Jobs
People & groups
News
Events
Visit us
Contact us
EMBL-EBI, Wellcome Genome Campus, Hinxton, Cambridgeshire, CB10 1SD, UK     +44 (0)1223 49 44 44

Copyright © EMBL-EBI 2020 | EBI is an outstation of the European Molecular Biology Laboratory | Terms of use
