Skip to main content
Skip to local navigation
Skip to EBI global navigation menu
Skip to expanded EBI global navigation menu (includes all sub-sections)
EMBL European Bioinformatics Institute
Services
Research
Training
About us
Protein Data Bank in Europe Protein Data Bank
in EuropeBringing Structure to Biology
PDBePISA
 Feedback
 Share
PISA Interface List.

Session Map help (id=323-63-O21)
Start	Interfaces	Interface Search
 	Monomers	 
 	Assemblies	 
 Interfaces in PDB 5o31
MITOCHONDRIAL COMPLEX I IN THE DEACTIVE STATE
Interfaces help   XML    View    Details    Download Search
 ## 	 Structure 1 	 × 	 Structure 2 	 interface 
 area, Å2 	 ΔiG 
 kcal/mol 	 ΔiG 
 P-value 	 NHB 	 NSB 	 NDS 	 CSS 
 NN 	 «» 	 Range 	 iNat 	 iNres 	 Surface Å2 	 Range 	 iNat 	 iNres 	 Surface Å2 
 1 		J	 299 	 89 	 13178 	 ◊ 	K	 263 	 65 	 7632 	  2924.4 	  -70.8 	 0.776 	 8 	 0 	 0 	 0.000 
 2 		C	 258 	 68 	 15108 	 ◊ 	D	 281 	 78 	 20696 	  2613.6 	  -16.6 	 0.548 	 34 	 8 	 0 	 0.000 
 3 		L	 237 	 63 	 29191 	 ◊ 	M	 232 	 63 	 18874 	  2480.6 	  -55.8 	 0.043 	 3 	 1 	 0 	 0.000 
 4 		A	 234 	 53 	 8410 	 ◊ 	H	 229 	 68 	 16952 	  2398.7 	  -60.7 	 0.095 	 1 	 1 	 0 	 0.000 
 5 		D	 262 	 68 	 20696 	 ◊ 	I	 218 	 53 	 13412 	  2222.8 	  -9.8 	 0.809 	 26 	 11 	 0 	 0.000 
 6 		K	 156 	 42 	 7632 	 ◊ 	N	 176 	 44 	 15757 	  1718.0 	  -42.0 	 0.377 	 5 	 1 	 0 	 0.000 
 7 		A	 163 	 44 	 8410 	 ◊ 	J	 151 	 42 	 13178 	  1575.3 	  -41.1 	 0.590 	 2 	 0 	 0 	 0.000 
 8 		M	 155 	 47 	 18874 	 ◊ 	g	 136 	 37 	 9098 	  1516.4 	  -27.6 	 0.524 	 7 	 0 	 0 	 0.000 
 9 		H	 163 	 46 	 16952 	 ◊ 	a	 123 	 29 	 5978 	  1470.7 	  -31.7 	 0.378 	 6 	 2 	 0 	 0.000 
 10 		I	 158 	 46 	 13412 	 ◊ 	q	 141 	 52 	 10047 	  1441.0 	  -17.6 	 0.887 	 2 	 0 	 0 	 0.000 
 11 		E	 136 	 43 	 11272 	 ◊ 	F	 153 	 54 	 21163 	  1422.6 	  -26.1 	 0.650 	 2 	 0 	 0 	 0.000 
 12 		M	 154 	 43 	 18874 	 ◊ 	m	 132 	 31 	 12165 	  1411.0 	  -20.4 	 0.550 	 9 	 0 	 0 	 0.000 
 13 		F	 145 	 36 	 21163 	 ◊ 	G	 148 	 36 	 33132 	  1398.5 	  -3.7 	 0.987 	 16 	 8 	 0 	 0.000 
 14 		B	 135 	 34 	 9238 	 ◊ 	D	 160 	 39 	 20696 	  1379.3 	  -23.0 	 0.048 	 13 	 7 	 0 	 0.000 
 15 		D	 143 	 47 	 20696 	 ◊ 	r	 122 	 40 	 9375 	  1355.7 	  -2.1 	 0.976 	 10 	 6 	 0 	 0.000 
 16 		X	 148 	 45 	 13277 	 ◊ 	Z	 129 	 35 	 12781 	  1307.3 	  -21.2 	 0.705 	 1 	 0 	 0 	 0.000 
 17 		M	 131 	 34 	 18874 	 ◊ 	N	 123 	 38 	 15757 	  1298.6 	  -28.7 	 0.175 	 3 	 0 	 0 	 0.000 
 18 		B	 148 	 35 	 9238 	 ◊ 	I	 144 	 32 	 13412 	  1279.8 	  -14.0 	 0.548 	 11 	 2 	 0 	 0.000 
 19 		C	 138 	 36 	 15108 	 ◊ 	Q	 133 	 43 	 9677 	  1256.7 	  -15.1 	 0.742 	 2 	 2 	 0 	 0.000 
 20 		B	 133 	 35 	 9238 	 ◊ 	H	 120 	 34 	 16952 	  1228.3 	  -8.4 	 0.820 	 10 	 7 	 0 	 0.000 
 21 		H	 111 	 33 	 16952 	 ◊ 	J	 109 	 28 	 13178 	  1160.8 	  -23.8 	 0.464 	 5 	 0 	 0 	 0.000 
 22 		G	 146 	 58 	 33132 	 ◊ 	Q	 106 	 35 	 9677 	  1153.3 	  -7.0 	 0.949 	 6 	 0 	 0 	 0.000 
 23 		C	 133 	 35 	 15108 	 ◊ 	V	 123 	 36 	 7596 	  1134.0 	  -13.6 	 0.491 	 6 	 0 	 0 	 0.000 
 24 		g	 108 	 28 	 9098 	 ◊ 	p	 117 	 34 	 12768 	  1105.1 	  -13.3 	 0.909 	 3 	 2 	 0 	 0.000 
 25 		L	 133 	 43 	 29191 	 ◊ 	n	 113 	 32 	 13588 	  1097.2 	  -11.3 	 0.785 	 5 	 0 	 0 	 0.000 
 26 		l	 121 	 46 	 8205 	 ◊ 	m	 119 	 31 	 12165 	  1086.8 	  -14.2 	 0.907 	 4 	 1 	 0 	 0.000 
 27 		L	 96 	 26 	 29191 	 ◊ 	N	 117 	 32 	 15757 	  1055.6 	  -24.1 	 0.179 	 2 	 0 	 0 	 0.000 
 28 		I	 118 	 34 	 13412 	 ◊ 	R	 108 	 30 	 7415 	  1046.4 	  -7.5 	 0.575 	 5 	 1 	 0 	 0.000 
 29 		C	 116 	 38 	 15108 	 ◊ 	r	 88 	 23 	 9375 	  1000.1 	  -15.2 	 0.487 	 6 	 0 	 0 	 0.000 
 30 		C	 103 	 30 	 15108 	 ◊ 	W	 103 	 29 	 8959 	  991.5 	  -13.4 	 0.332 	 0 	 0 	 0 	 0.000 
 31 		M	 112 	 37 	 18874 	 ◊ 	h	 101 	 32 	 11798 	  971.2 	  -17.9 	 0.772 	 2 	 0 	 0 	 0.000 
 32 		D	 99 	 31 	 20696 	 ◊ 	H	 106 	 23 	 16952 	  962.3 	  -7.1 	 0.494 	 9 	 5 	 0 	 0.000 
 33 		L	 99 	 25 	 29191 	 ◊ 	p	 96 	 28 	 12768 	  953.7 	  -12.9 	 0.665 	 8 	 3 	 0 	 0.000 
 34 		N	 91 	 35 	 15757 	 ◊ 	d	 97 	 22 	 9475 	  945.1 	  -18.4 	 0.435 	 2 	 0 	 0 	 0.000 
 35 		H	 105 	 29 	 16952 	 ◊ 	Z	 84 	 21 	 12781 	  938.4 	  -11.7 	 0.891 	 8 	 0 	 0 	 0.000 
 36 		N	 88 	 24 	 15757 	 ◊ 	O	 115 	 44 	 17097 	  934.3 	  -18.1 	 0.603 	 3 	 0 	 0 	 0.000 
 37 		D	 90 	 24 	 20696 	 ◊ 	G	 106 	 26 	 33132 	  923.1 	  -13.0 	 0.219 	 7 	 2 	 0 	 0.000 
 38 		L	 88 	 32 	 29191 	 ◊ 	j	 83 	 33 	 4395 	  850.3 	  -18.6 	 0.544 	 2 	 0 	 0 	 0.000 
 39 		I	 98 	 23 	 13412 	 ◊ 	r	 77 	 27 	 9375 	  820.7 	  -10.4 	 0.707 	 7 	 1 	 0 	 0.000 
 40 		m	 79 	 21 	 12165 	 ◊ 	n	 109 	 32 	 13588 	  812.0 	  -10.7 	 0.711 	 5 	 0 	 0 	 0.000 
 41 		D	 95 	 27 	 20696 	 ◊ 	Z	 73 	 20 	 12781 	  810.2 	  -8.1 	 0.712 	 5 	 0 	 0 	 0.000 
 42 		L	 95 	 31 	 29191 	 ◊ 	l	 87 	 31 	 8205 	  806.7 	  -16.2 	 0.757 	 1 	 0 	 0 	 0.000 
 43 		B	 84 	 16 	 9238 	 ◊ 	C	 95 	 29 	 15108 	  802.3 	  -2.1 	 0.789 	 8 	 5 	 0 	 0.000 
 44 		M	 84 	 26 	 18874 	 ◊ 	f	 84 	 18 	 5117 	  801.0 	  -16.8 	 0.548 	 2 	 1 	 0 	 0.000 
 45 		e	 88 	 24 	 7846 	 ◊ 	Z	 87 	 30 	 12781 	  798.8 	  -9.5 	 0.789 	 3 	 2 	 0 	 0.000 
 46 		L	 89 	 26 	 29191 	 ◊ 	m	 78 	 25 	 12165 	  792.1 	  -12.3 	 0.556 	 5 	 0 	 0 	 0.000 
 47 		g	 86 	 25 	 9098 	 ◊ 	h	 73 	 25 	 11798 	  783.2 	  -15.1 	 0.763 	 3 	 0 	 0 	 0.000 
 48 		i	 76 	 18 	 9399 	 ◊ 	n	 83 	 29 	 13588 	  755.0 	  -9.6 	 0.582 	 3 	 0 	 0 	 0.000 
 49 		N	 75 	 23 	 15757 	 ◊ 	e	 67 	 22 	 7846 	  719.0 	  -7.6 	 0.649 	 5 	 0 	 0 	 0.000 
 50 		H	 81 	 21 	 16952 	 ◊ 	I	 79 	 19 	 13412 	  705.2 	  -14.8 	 0.280 	 4 	 0 	 0 	 0.000 
 51 		H	 67 	 16 	 16952 	 ◊ 	b	 69 	 19 	 7627 	  661.3 	  -14.0 	 0.587 	 2 	 1 	 0 	 0.000 
 52 		c	 70 	 19 	 4484 	 ◊ 	d	 71 	 21 	 9475 	  660.5 	  -13.2 	 0.787 	 1 	 0 	 0 	 0.000 
 53 		b	 62 	 19 	 7627 	 ◊ 	X	 75 	 22 	 13277 	  652.8 	  -11.1 	 0.649 	 3 	 0 	 0 	 0.000 
 54 		D	 70 	 23 	 20696 	 ◊ 	N	 63 	 22 	 15757 	  643.7 	  -8.5 	 0.287 	 3 	 0 	 0 	 0.000 
 55 		U	 65 	 22 	 5549 	 ◊ 	n	 62 	 19 	 13588 	  638.7 	  -6.2 	 0.866 	 2 	 0 	 0 	 0.000 
 56 		C	 70 	 16 	 15108 	 ◊ 	G	 78 	 26 	 33132 	  626.3 	  -7.9 	 0.490 	 2 	 0 	 0 	 0.000 
 57 		L	 73 	 23 	 29191 	 ◊ 	i	 66 	 26 	 9399 	  624.3 	  -10.5 	 0.752 	 2 	 0 	 0 	 0.000 
 58 		F	 70 	 30 	 21163 	 ◊ 	s	 56 	 22 	 4090 	  618.3 	  -11.4 	 0.718 	 6 	 0 	 0 	 0.000 
 59 		E	 58 	 16 	 11272 	 ◊ 	G	 69 	 18 	 33132 	  613.6 	  -8.7 	 0.735 	 0 	 0 	 0 	 0.000 
 60 		J	 57 	 14 	 13178 	 ◊ 	N	 65 	 23 	 15757 	  583.8 	  -15.5 	 0.283 	 0 	 0 	 0 	 0.000 
 61 		e	 64 	 22 	 7846 	 ◊ 	h	 60 	 23 	 11798 	  574.1 	  -8.7 	 0.704 	 1 	 0 	 0 	 0.000 
 62 		P	 72 	 29 	 16052 	 ◊ 	[NAP]P:501	 46 	 1 	 912 	  573.8 	  -5.5 	 0.791 	 5 	 0 	 0 	 0.000 
 63 		p	 54 	 18 	 12768 	 ◊ 	h	 68 	 26 	 11798 	  556.3 	  -7.9 	 0.785 	 1 	 0 	 0 	 0.000 
 64 		a	 55 	 18 	 5978 	 ◊ 	X	 49 	 17 	 13277 	  549.1 	  -4.8 	 0.589 	 2 	 1 	 0 	 0.000 
 65 		M	 62 	 17 	 18874 	 ◊ 	p	 54 	 17 	 12768 	  543.5 	  -8.7 	 0.595 	 1 	 0 	 0 	 0.000 
 66 		E	 59 	 23 	 11272 	 ◊ 	s	 58 	 22 	 4090 	  542.4 	  -9.0 	 0.859 	 0 	 0 	 0 	 0.000 
 67 		a	 59 	 15 	 5978 	 ◊ 	Z	 58 	 16 	 12781 	  538.2 	  -5.5 	 0.905 	 4 	 0 	 0 	 0.000 
 68 		i	 55 	 18 	 9399 	 ◊ 	p	 58 	 18 	 12768 	  532.6 	  -6.7 	 0.789 	 4 	 0 	 0 	 0.000 
 69 		K	 51 	 14 	 7632 	 ◊ 	L	 53 	 12 	 29191 	  522.8 	  -12.2 	 0.452 	 1 	 0 	 0 	 0.000 
 70 		h	 47 	 14 	 11798 	 ◊ 	d	 51 	 15 	 9475 	  522.2 	  -7.0 	 0.840 	 2 	 0 	 0 	 0.000 
 71 		L	 52 	 17 	 29191 	 ◊ 	Y	 54 	 14 	 10006 	  521.9 	  -9.8 	 0.485 	 1 	 0 	 0 	 0.000 
 72 		N	 57 	 16 	 15757 	 ◊ 	Y	 55 	 11 	 10006 	  483.5 	  -6.9 	 0.786 	 3 	 0 	 0 	 0.000 
 73 		F	 64 	 28 	 21163 	 ◊ 	[FMN]F:501	 31 	 1 	 628 	  483.0 	  -8.7 	 0.696 	 4 	 0 	 0 	 0.000 
 74 		I	 59 	 16 	 13412 	 ◊ 	G	 53 	 15 	 33132 	  476.2 	  -5.3 	 0.551 	 4 	 2 	 0 	 0.000 
 75 		S	 49 	 19 	 5129 	 ◊ 	G	 56 	 26 	 33132 	  475.1 	  -9.3 	 0.597 	 1 	 0 	 0 	 0.000 
 76 		J	 45 	 19 	 13178 	 ◊ 	Z	 46 	 20 	 12781 	  461.4 	  -7.0 	 0.854 	 0 	 0 	 0 	 0.000 
 77 		J	 56 	 22 	 13178 	 ◊ 	e	 41 	 18 	 7846 	  434.8 	  -7.9 	 0.635 	 1 	 0 	 0 	 0.000 
 78 		d	 49 	 17 	 9475 	 ◊ 	X	 47 	 15 	 13277 	  430.0 	  -7.5 	 0.522 	 0 	 0 	 0 	 0.000 
 79 		W	 40 	 16 	 8959 	 ◊ 	Q	 43 	 15 	 9677 	  425.5 	  -6.5 	 0.552 	 0 	 0 	 0 	 0.000 
 80 		G	 44 	 14 	 33132 	 ◊ 	R	 43 	 11 	 7415 	  418.2 	  -6.6 	 0.387 	 1 	 0 	 0 	 0.000 
 81 		b	 43 	 15 	 7627 	 ◊ 	Z	 41 	 11 	 12781 	  416.3 	  -2.5 	 0.925 	 3 	 2 	 0 	 0.000 
 82 		q	 42 	 13 	 10047 	 ◊ 	R	 46 	 12 	 7415 	  401.0 	  -2.0 	 0.907 	 3 	 0 	 0 	 0.000 
 83 		T	 40 	 14 	 4809 	 ◊ 	W	 47 	 9 	 8959 	  398.5 	  -0.7 	 0.783 	 3 	 0 	 0 	 0.000 
 84 		G	 44 	 11 	 33132 	 ◊ 	r	 44 	 14 	 9375 	  397.1 	  -1.2 	 0.914 	 4 	 4 	 0 	 0.000 
 85 		F	 39 	 17 	 21163 	 ◊ 	Q	 43 	 9 	 9677 	  383.8 	  -8.0 	 0.464 	 1 	 0 	 0 	 0.000 
 86 		P	 36 	 17 	 16052 	 ◊ 	R	 36 	 10 	 7415 	  377.7 	  -5.1 	 0.633 	 1 	 0 	 0 	 0.000 
 87 		K	 34 	 8 	 7632 	 ◊ 	e	 48 	 19 	 7846 	  374.9 	  -6.3 	 0.666 	 1 	 0 	 0 	 0.000 
 88 		C	 40 	 9 	 15108 	 ◊ 	P	 42 	 18 	 16052 	  351.5 	  -5.9 	 0.533 	 1 	 0 	 0 	 0.000 
 89 		L	 38 	 17 	 29191 	 ◊ 	k	 35 	 13 	 5905 	  350.2 	  -8.8 	 0.423 	 0 	 0 	 0 	 0.000 
 90 		O	 43 	 16 	 17097 	 ◊ 	c	 33 	 12 	 4484 	  348.8 	  -5.2 	 0.825 	 0 	 0 	 0 	 0.000 
 91 		A	 31 	 10 	 8410 	 ◊ 	K	 37 	 15 	 7632 	  334.5 	  -9.7 	 0.363 	 0 	 0 	 0 	 0.000 
 92 		I	 36 	 14 	 13412 	 ◊ 	Z	 38 	 13 	 12781 	  331.4 	  -6.4 	 0.530 	 1 	 0 	 0 	 0.000 
 93 		k	 32 	 12 	 5905 	 ◊ 	n	 30 	 8 	 13588 	  329.3 	  -6.8 	 0.492 	 1 	 0 	 0 	 0.000 
 94 		h	 39 	 14 	 11798 	 ◊ 	X	 37 	 12 	 13277 	  328.1 	  -2.8 	 0.759 	 4 	 1 	 0 	 0.000 
 95 		f	 33 	 15 	 5117 	 ◊ 	h	 38 	 14 	 11798 	  325.3 	  -6.8 	 0.751 	 0 	 0 	 0 	 0.000 
 96 		e	 41 	 15 	 7846 	 ◊ 	X	 30 	 10 	 13277 	  324.4 	  -4.3 	 0.558 	 1 	 0 	 0 	 0.000 
 97 		q	 30 	 11 	 10047 	 ◊ 	r	 34 	 10 	 9375 	  313.4 	  -6.0 	 0.670 	 1 	 0 	 0 	 0.000 
 98 		A	 36 	 11 	 8410 	 ◊ 	b	 34 	 13 	 7627 	  313.3 	  -5.1 	 0.886 	 1 	 0 	 0 	 0.000 
 99 		H	 32 	 11 	 16952 	 ◊ 	X	 25 	 8 	 13277 	  306.2 	  -1.4 	 0.846 	 2 	 1 	 0 	 0.000 
 100 		B	 42 	 14 	 9238 	 ◊ 	P	 28 	 13 	 16052 	  304.0 	  -3.4 	 0.600 	 0 	 0 	 0 	 0.000 
 101 		h	 30 	 8 	 11798 	 ◊ 	n	 30 	 12 	 13588 	  298.6 	  -5.6 	 0.504 	 0 	 0 	 0 	 0.000 
 102 		I	 31 	 9 	 13412 	 ◊ 	b	 35 	 8 	 7627 	  290.9 	  -5.4 	 0.512 	 1 	 0 	 0 	 0.000 
 103 		B	 30 	 8 	 9238 	 ◊ 	q	 30 	 12 	 10047 	  289.9 	  -0.1 	 0.757 	 1 	 0 	 0 	 0.000 
 104 		j	 33 	 13 	 4395 	 ◊ 	k	 39 	 15 	 5905 	  286.8 	  -7.2 	 0.820 	 0 	 0 	 0 	 0.000 
 105 		O	 31 	 9 	 17097 	 ◊ 	d	 31 	 8 	 9475 	  286.7 	  -2.8 	 0.849 	 2 	 0 	 0 	 0.000 
 106 		p	 26 	 11 	 12768 	 ◊ 	d	 32 	 12 	 9475 	  273.3 	  -4.4 	 0.615 	 2 	 0 	 0 	 0.000 
 107 		O	 32 	 13 	 17097 	 ◊ 	g	 20 	 6 	 9098 	  269.4 	  -3.8 	 0.670 	 2 	 0 	 0 	 0.000 
 108 		N	 29 	 11 	 15757 	 ◊ 	h	 32 	 10 	 11798 	  269.2 	  -3.8 	 0.828 	 0 	 1 	 0 	 0.000 
 109 		U	 25 	 10 	 5549 	 ◊ 	i	 30 	 8 	 9399 	  268.6 	  -2.6 	 0.869 	 1 	 3 	 0 	 0.000 
 110 		M	 26 	 12 	 18874 	 ◊ 	l	 24 	 10 	 8205 	  263.8 	  -2.7 	 0.776 	 1 	 0 	 0 	 0.000 
 111 		q	 19 	 7 	 10047 	 ◊ 	G	 33 	 12 	 33132 	  252.3 	  -3.2 	 0.675 	 1 	 0 	 0 	 0.000 
 112 		p	 31 	 10 	 12768 	 ◊ 	m	 22 	 8 	 12165 	  248.1 	  -2.5 	 0.722 	 1 	 0 	 0 	 0.000 
 113 		W	 24 	 8 	 8959 	 ◊ 	G	 34 	 12 	 33132 	  241.7 	  -2.7 	 0.572 	 1 	 0 	 0 	 0.000 
 114 		D	 28 	 13 	 20696 	 ◊ 	V	 24 	 9 	 7596 	  237.4 	  -2.6 	 0.495 	 0 	 0 	 0 	 0.000 
 115 		M	 28 	 6 	 18874 	 ◊ 	Y	 21 	 8 	 10006 	  226.9 	  -6.6 	 0.213 	 0 	 0 	 0 	 0.000 
 116 		L	 28 	 10 	 29191 	 ◊ 	o	 26 	 10 	 3942 	  223.0 	  -3.7 	 0.790 	 0 	 0 	 0 	 0.000 
 117 		C	 24 	 5 	 15108 	 ◊ 	I	 22 	 6 	 13412 	  221.1 	  1.0 	 0.833 	 5 	 1 	 0 	 0.000 
 118 		P	 20 	 9 	 16052 	 ◊ 	Q	 20 	 6 	 9677 	  218.0 	  -5.5 	 0.377 	 0 	 0 	 0 	 0.000 
 119 		M	 25 	 10 	 18874 	 ◊ 	n	 17 	 8 	 13588 	  208.4 	  -3.6 	 0.452 	 0 	 0 	 0 	 0.000 
 120 		A	 19 	 6 	 8410 	 ◊ 	D	 17 	 6 	 20696 	  200.5 	  -4.8 	 0.286 	 0 	 0 	 0 	 0.000 
 121 		o	 18 	 6 	 3942 	 ◊ 	p	 21 	 11 	 12768 	  190.4 	  -4.6 	 0.529 	 0 	 0 	 0 	 0.000 
 122 		F	 27 	 12 	 21163 	 ◊ 	[SF4]F:502	 8 	 1 	 309 	  187.6 	  -21.6 	 0.609 	 2 	 0 	 0 	 0.000 
 123 		I	 28 	 15 	 13412 	 ◊ 	[SF4]I:201	 8 	 1 	 308 	  187.2 	  -22.7 	 0.278 	 0 	 0 	 0 	 0.000 
 124 		F	 26 	 8 	 21163 	 ◊ 	r	 19 	 7 	 9375 	  187.1 	  -1.4 	 0.797 	 2 	 0 	 0 	 0.000 
 125 		G	 22 	 14 	 33132 	 ◊ 	[SF4]G:802	 8 	 1 	 309 	  187.0 	  -21.6 	 0.363 	 0 	 0 	 0 	 0.000 
 126 		I	 28 	 15 	 13412 	 ◊ 	[SF4]I:202	 8 	 1 	 308 	  182.6 	  -21.1 	 0.532 	 1 	 0 	 0 	 0.000 
 127 		r	 26 	 9 	 9375 	 ◊ 	Z	 18 	 7 	 12781 	  178.8 	  -3.2 	 0.702 	 0 	 0 	 0 	 0.000 
 128 		D	 18 	 6 	 20696 	 ◊ 	R	 24 	 10 	 7415 	  178.4 	  -1.1 	 0.593 	 2 	 0 	 0 	 0.000 
 129 		U	 19 	 10 	 5549 	 ◊ 	k	 21 	 9 	 5905 	  177.6 	  -2.9 	 0.819 	 0 	 0 	 0 	 0.000 
 130 		B	 25 	 11 	 9238 	 ◊ 	[SF4]B:201	 8 	 1 	 309 	  173.0 	  -18.0 	 0.215 	 2 	 0 	 0 	 0.000 
 131 		G	 27 	 14 	 33132 	 ◊ 	[SF4]G:801	 8 	 1 	 308 	  169.7 	  -18.3 	 0.533 	 1 	 0 	 0 	 0.000 
 132 		l	 18 	 5 	 8205 	 ◊ 	n	 17 	 6 	 13588 	  166.9 	  -3.5 	 0.499 	 1 	 0 	 0 	 0.000 
 133 		V	 18 	 9 	 7596 	 ◊ 	r	 15 	 5 	 9375 	  165.4 	  -2.3 	 0.607 	 0 	 0 	 0 	 0.000 
 134 		J	 21 	 7 	 13178 	 ◊ 	a	 19 	 4 	 5978 	  159.1 	  -3.5 	 0.635 	 1 	 0 	 0 	 0.000 
 135 		I	 19 	 8 	 13412 	 ◊ 	Q	 16 	 5 	 9677 	  157.9 	  -2.6 	 0.551 	 0 	 0 	 0 	 0.000 
 136 		M	 19 	 9 	 18874 	 ◊ 	d	 17 	 7 	 9475 	  155.0 	  -4.1 	 0.379 	 0 	 0 	 0 	 0.000 
 137 		D	 22 	 7 	 20696 	 ◊ 	W	 18 	 4 	 8959 	  154.3 	  -1.6 	 0.521 	 0 	 0 	 0 	 0.000 
 138 		D	 17 	 7 	 20696 	 ◊ 	L	 19 	 6 	 29191 	  154.1 	  -2.1 	 0.344 	 0 	 0 	 0 	 0.000 
 139 		N	 16 	 6 	 15757 	 ◊ 	X	 14 	 5 	 13277 	  151.7 	  -4.2 	 0.252 	 0 	 0 	 0 	 0.000 
 140 		M	 21 	 9 	 18874 	 ◊ 	X	 15 	 4 	 13277 	  145.7 	  -2.6 	 0.524 	 0 	 0 	 0 	 0.000 
 141 		D	 15 	 8 	 20696 	 ◊ 	O	 16 	 9 	 17097 	  145.1 	  -3.8 	 0.234 	 0 	 0 	 0 	 0.000 
 142 		s	 16 	 7 	 4090 	 ◊ 	Q	 19 	 5 	 9677 	  138.0 	  -2.0 	 0.816 	 0 	 0 	 0 	 0.000 
 143 		G	 12 	 9 	 33132 	 ◊ 	[FES]G:803	 4 	 1 	 236 	  125.7 	  -16.8 	 0.686 	 1 	 0 	 0 	 0.000 
 144 		L	 15 	 4 	 29191 	 ◊ 	U	 16 	 5 	 5549 	  124.1 	  -1.3 	 0.799 	 1 	 0 	 0 	 0.000 
 145 		D	 14 	 9 	 20696 	 ◊ 	K	 16 	 5 	 7632 	  123.2 	  -2.4 	 0.436 	 0 	 0 	 0 	 0.000 
 146 		P	 15 	 9 	 16052 	 ◊ 	W	 18 	 11 	 8959 	  119.5 	  -1.5 	 0.687 	 1 	 0 	 0 	 0.000 
 147 		E	 16 	 10 	 11272 	 ◊ 	[FES]E:301	 4 	 1 	 236 	  113.0 	  -14.7 	 0.763 	 0 	 0 	 0 	 0.000 
 148 		f	 9 	 3 	 5117 	 ◊ 	p	 11 	 4 	 12768 	  112.3 	  -0.4 	 0.805 	 2 	 0 	 0 	 0.000 
 149 		e	 9 	 4 	 7846 	 ◊ 	d	 14 	 3 	 9475 	  107.8 	  -2.5 	 0.446 	 0 	 0 	 0 	 0.000 
 150 		a	 15 	 4 	 5978 	 ◊ 	r	 8 	 3 	 9375 	  104.3 	  -2.9 	 0.461 	 0 	 0 	 0 	 0.000 
 151 		H	 19 	 6 	 16952 	 ◊ 	q	 12 	 5 	 10047 	  102.0 	  -0.6 	 0.860 	 0 	 0 	 0 	 0.000 
 152 		L	 12 	 6 	 29191 	 ◊ 	g	 11 	 2 	 9098 	  98.2 	  0.8 	 0.917 	 1 	 0 	 0 	 0.000 
 153 		I	 9 	 3 	 13412 	 ◊ 	P	 12 	 6 	 16052 	  92.2 	  -0.4 	 0.783 	 0 	 0 	 0 	 0.000 
 154 		I	 10 	 3 	 13412 	 ◊ 	a	 7 	 2 	 5978 	  90.8 	  -1.5 	 0.485 	 0 	 0 	 0 	 0.000 
 155 		E	 11 	 6 	 11272 	 ◊ 	Q	 9 	 4 	 9677 	  88.7 	  -1.3 	 0.632 	 0 	 0 	 0 	 0.000 
 156 		Q	 9 	 3 	 9677 	 ◊ 	R	 8 	 3 	 7415 	  86.7 	  0.8 	 0.852 	 2 	 0 	 0 	 0.000 
 157 		D	 7 	 2 	 20696 	 ◊ 	M	 13 	 6 	 18874 	  83.9 	  1.0 	 0.868 	 0 	 0 	 0 	 0.000 
 158 		j	 11 	 8 	 4395 	 ◊ 	o	 10 	 7 	 3942 	  82.0 	  -2.1 	 0.675 	 0 	 0 	 0 	 0.000 
 159 		q	 11 	 4 	 10047 	 ◊ 	Q	 9 	 4 	 9677 	  80.5 	  -1.6 	 0.647 	 0 	 0 	 0 	 0.000 
 160 		i	 7 	 3 	 9399 	 ◊ 	h	 9 	 3 	 11798 	  80.4 	  -1.0 	 0.684 	 0 	 0 	 0 	 0.000 
 161 		L	 6 	 2 	 29191 	 ◊ 	h	 13 	 3 	 11798 	  77.8 	  -1.0 	 0.618 	 0 	 0 	 0 	 0.000 
 162 		A	 13 	 3 	 8410 	 ◊ 	Z	 9 	 5 	 12781 	  68.9 	  0.3 	 0.895 	 0 	 0 	 0 	 0.000 
 163 		i	 5 	 3 	 9399 	 ◊ 	o	 12 	 6 	 3942 	  67.3 	  -1.7 	 0.581 	 0 	 0 	 0 	 0.000 
 164 		B	 8 	 2 	 9238 	 ◊ 	W	 9 	 5 	 8959 	  65.5 	  -1.7 	 0.346 	 0 	 0 	 0 	 0.000 
 165 		D	 13 	 3 	 20696 	 ◊ 	[SF4]B:201	 5 	 1 	 309 	  60.2 	  -3.6 	 0.000 	 0 	 0 	 0 	 0.000 
 166 		D	 8 	 4 	 20696 	 ◊ 	[SF4]G:801	 5 	 1 	 308 	  53.1 	  -4.0 	 0.000 	 0 	 0 	 0 	 0.000 
 167 		g	 5 	 2 	 9098 	 ◊ 	n	 8 	 3 	 13588 	  52.1 	  -1.4 	 0.466 	 0 	 0 	 0 	 0.000 
 168 		g	 5 	 2 	 9098 	 ◊ 	d	 3 	 2 	 9475 	  50.8 	  -1.3 	 0.363 	 0 	 0 	 0 	 0.000 
 169 		b	 6 	 3 	 7627 	 ◊ 	h	 4 	 3 	 11798 	  50.2 	  -1.4 	 0.467 	 0 	 0 	 0 	 0.000 
 170 		P	 6 	 4 	 16052 	 ◊ 	G	 8 	 4 	 33132 	  49.9 	  -0.6 	 0.665 	 0 	 0 	 0 	 0.000 
 171 		h	 5 	 2 	 11798 	 ◊ 	Z	 6 	 4 	 12781 	  48.1 	  0.3 	 0.668 	 0 	 0 	 0 	 0.000 
 172 		U	 5 	 3 	 5549 	 ◊ 	l	 5 	 2 	 8205 	  43.5 	  -1.3 	 0.501 	 0 	 0 	 0 	 0.000 
 173 		g	 5 	 4 	 9098 	 ◊ 	m	 4 	 1 	 12165 	  40.6 	  0.7 	 0.862 	 1 	 0 	 0 	 0.000 
 174 		D	 5 	 2 	 20696 	 ◊ 	Q	 6 	 4 	 9677 	  37.8 	  -0.2 	 0.658 	 0 	 0 	 0 	 0.000 
 175 		A	 4 	 1 	 8410 	 ◊ 	N	 4 	 1 	 15757 	  37.3 	  -0.8 	 0.478 	 0 	 0 	 0 	 0.000 
 176 		J	 5 	 3 	 13178 	 ◊ 	b	 4 	 1 	 7627 	  33.7 	  -0.4 	 0.717 	 0 	 0 	 0 	 0.000 
 177 		Y	 3 	 1 	 10006 	 ◊ 	h	 8 	 4 	 11798 	  32.5 	  -0.7 	 0.592 	 0 	 0 	 0 	 0.000 
 178 		M	 2 	 1 	 18874 	 ◊ 	O	 4 	 2 	 17097 	  32.1 	  -0.0 	 0.629 	 0 	 0 	 0 	 0.000 
 179 		O	 3 	 2 	 17097 	 ◊ 	V	 2 	 1 	 7596 	  31.8 	  0.3 	 0.553 	 0 	 0 	 0 	 0.000 
 180 		F	 4 	 2 	 21163 	 ◊ 	[FES]E:301	 2 	 1 	 236 	  31.8 	  -2.7 	 0.000 	 0 	 0 	 0 	 0.000 
 181 		b	 2 	 2 	 7627 	 ◊ 	e	 5 	 2 	 7846 	  29.7 	  -0.9 	 0.381 	 0 	 0 	 0 	 0.000 
 182 		H	 3 	 1 	 16952 	 ◊ 	r	 3 	 1 	 9375 	  29.0 	  -0.9 	 0.311 	 0 	 0 	 0 	 0.000 
 183 		B	 2 	 1 	 9238 	 ◊ 	r	 6 	 2 	 9375 	  28.6 	  0.4 	 0.837 	 0 	 0 	 0 	 0.000 
 184 		Y	 3 	 1 	 10006 	 ◊ 	m	 4 	 3 	 12165 	  27.5 	  0.3 	 0.726 	 0 	 0 	 0 	 0.000 
 185 		E	 3 	 2 	 11272 	 ◊ 	R	 4 	 2 	 7415 	  26.8 	  0.1 	 0.739 	 0 	 0 	 0 	 0.000 
 186 		a	 3 	 1 	 5978 	 ◊ 	q	 5 	 3 	 10047 	  26.6 	  -0.7 	 0.541 	 0 	 0 	 0 	 0.000 
 187 		A	 1 	 1 	 8410 	 ◊ 	B	 4 	 1 	 9238 	  21.1 	  -0.6 	 0.342 	 0 	 0 	 0 	 0.000 
 188 		G	 4 	 2 	 33132 	 ◊ 	s	 4 	 3 	 4090 	  20.9 	  -0.1 	 0.658 	 0 	 0 	 0 	 0.000 
 189 		I	 4 	 1 	 13412 	 ◊ 	[SF4]B:201	 4 	 1 	 309 	  19.7 	  -1.7 	 0.000 	 0 	 0 	 0 	 0.000 
 190 		g	 2 	 2 	 9098 	 ◊ 	i	 4 	 2 	 9399 	  19.1 	  0.0 	 0.726 	 0 	 0 	 0 	 0.000 
 191 		A	 3 	 1 	 8410 	 ◊ 	e	 2 	 2 	 7846 	  18.7 	  -0.5 	 0.478 	 0 	 0 	 0 	 0.000 
 192 		J	 3 	 1 	 13178 	 ◊ 	h	 3 	 2 	 11798 	  18.3 	  -0.0 	 0.765 	 0 	 0 	 0 	 0.000 
 193 		D	 2 	 1 	 20696 	 ◊ 	b	 1 	 1 	 7627 	  13.3 	  0.0 	 0.487 	 0 	 0 	 0 	 0.000 
 194 		H	 1 	 1 	 16952 	 ◊ 	P	 2 	 1 	 16052 	  13.0 	  -0.0 	 0.609 	 0 	 0 	 0 	 0.000 
 195 		f	 2 	 1 	 5117 	 ◊ 	g	 2 	 1 	 9098 	  11.3 	  -0.1 	 0.622 	 0 	 0 	 0 	 0.000 
 196 		P	 2 	 1 	 16052 	 ◊ 	q	 1 	 1 	 10047 	  8.7 	  -0.2 	 0.425 	 0 	 0 	 0 	 0.000 
 197 		N	 1 	 1 	 15757 	 ◊ 	g	 1 	 1 	 9098 	  8.2 	  -0.3 	 0.307 	 0 	 0 	 0 	 0.000 
 198 		J	 1 	 1 	 13178 	 ◊ 	L	 1 	 1 	 29191 	  7.9 	  -0.3 	 0.326 	 0 	 0 	 0 	 0.000 
 199 		G	 1 	 1 	 33132 	 ◊ 	[SF4]I:202	 2 	 1 	 308 	  7.1 	  -0.8 	 0.000 	 0 	 0 	 0 	 0.000 
 200 		J	 3 	 1 	 13178 	 ◊ 	P	 1 	 1 	 16052 	  6.6 	  -0.2 	 0.475 	 0 	 0 	 0 	 0.000 
 201 		J	 2 	 1 	 13178 	 ◊ 	Y	 1 	 1 	 10006 	  4.0 	  0.1 	 0.809 	 0 	 0 	 0 	 0.000 
 202 		I	 2 	 1 	 13412 	 ◊ 	[ZN]R:201	 1 	 1 	 98 	  1.5 	  -0.6 	 0.000 	 0 	 0 	 0 	 0.000 
 203 		A	 1 	 1 	 8410 	 ◊ 	O	 1 	 1 	 17097 	  1.3 	  -0.0 	 0.644 	 0 	 0 	 0 	 0.000 
 204 		d	 1 	 1 	 9475 	 ◊ 	m	 1 	 1 	 12165 	  1.1 	  -0.0 	 0.667 	 0 	 0 	 0 	 0.000 
 205 		B	 1 	 1 	 9238 	 ◊ 	[SF4]I:201	 1 	 1 	 308 	  0.9 	  -0.0 	 0.000 	 0 	 0 	 0 	 0.000 
   View    Details    Download Search
PDBe PISA v1.52 [20/10/2014]
Protein Data Bank in Europe (PDBe)is a member ofwwPDBEMDataBank
EMBL European Bioinformatics Institute
News
Our impact
Contact us
Intranet
Services
By topic
By name (A-Z)
Help & Support
Research
Overview
Publications
Research groups
Postdocs & PhDs
Training
Overview
Train at EBI
Train outside EBI
Train online
Contact organisers
Industry
Overview
Members Area
Workshops
SME Forum
Contact Industry programme
About us
Overview
Leadership
Funding
Background
Collaboration
Jobs
People & groups
News
Events
Visit us
Contact us
EMBL-EBI, Wellcome Genome Campus, Hinxton, Cambridgeshire, CB10 1SD, UK     +44 (0)1223 49 44 44

Copyright © EMBL-EBI 2020 | EBI is an outstation of the European Molecular Biology Laboratory | Terms of use
