Skip to main content
Skip to local navigation
Skip to EBI global navigation menu
Skip to expanded EBI global navigation menu (includes all sub-sections)
EMBL European Bioinformatics Institute
Services
Research
Training
About us
Protein Data Bank in Europe Protein Data Bank
in EuropeBringing Structure to Biology
PDBePISA
 Feedback
 Share
PISA Interface List.

Session Map help (id=323-63-O21)
Start	Interfaces	Interface Search
 	Monomers	 
 	Assemblies	 
 Interfaces in PDB 5xte
CRYO-EM STRUCTURE OF HUMAN RESPIRATORY COMPLEX III (CYTOCHROME BC1 COMPLEX)
Interfaces help   XML    View    Details    Download Search
 ## 	 Structure 1 	 × 	 Structure 2 	 interface 
 area, Å2 	 ΔiG 
 kcal/mol 	 ΔiG 
 P-value 	 NHB 	 NSB 	 NDS 	 CSS 
 Id 	 NN 	 «» 	 Range 	 iNat 	 iNres 	 Surface Å2 	 Range 	 iNat 	 iNres 	 Surface Å2 
 1 	 1 		O	 180 	 43 	 5412 	 ◊ 	W	 251 	 85 	 18962 	  2132.7 	  -25.9 	 0.502 	 12 	 1 	 0 	 0.000 
 2 		B	 166 	 42 	 5678 	 ◊ 	K	 252 	 81 	 18915 	  2102.6 	  -24.9 	 0.477 	 14 	 5 	 0 	 0.000 
Average: 	  2117.7 	  -25.4 	 0.490 	 13 	 3 	 0 	 0.000 
 2 	 3 		K	 222 	 61 	 18915 	 ◊ 	L	 220 	 65 	 20769 	  2115.4 	  -16.7 	 0.333 	 23 	 1 	 0 	 0.000 
 4 		W	 207 	 58 	 18962 	 ◊ 	Y	 211 	 65 	 20802 	  2073.2 	  -16.2 	 0.337 	 18 	 1 	 0 	 0.000 
Average: 	  2094.3 	  -16.5 	 0.335 	 21 	 1 	 0 	 0.000 
 3 	 5 		U	 158 	 40 	 16258 	 ◊ 	V	 168 	 43 	 20161 	  1549.1 	  -25.0 	 0.416 	 17 	 11 	 0 	 0.000 
 6 		H	 153 	 43 	 16128 	 ◊ 	J	 160 	 43 	 20118 	  1525.2 	  -22.3 	 0.499 	 14 	 9 	 0 	 0.000 
Average: 	  1537.2 	  -23.6 	 0.457 	 16 	 10 	 0 	 0.000 
 4 	 7 		B	 113 	 27 	 5678 	 ◊ 	L	 152 	 42 	 20769 	  1199.5 	  -8.8 	 0.728 	 6 	 0 	 0 	 0.000 
 8 		O	 97 	 27 	 5412 	 ◊ 	Y	 126 	 40 	 20802 	  999.8 	  -8.3 	 0.683 	 7 	 0 	 0 	 0.000 
Average: 	  1099.7 	  -8.5 	 0.705 	 7 	 0 	 0 	 0.000 
 5 	 9 		S	 127 	 32 	 8453 	 ◊ 	V	 119 	 30 	 20161 	  1197.5 	  -19.0 	 0.268 	 4 	 0 	 0 	 0.000 
 10 		F	 132 	 32 	 8363 	 ◊ 	J	 118 	 32 	 20118 	  1173.8 	  -19.1 	 0.290 	 5 	 1 	 0 	 0.000 
Average: 	  1185.6 	  -19.1 	 0.279 	 5 	 1 	 0 	 0.000 
 6 	 11 		R	 111 	 31 	 5946 	 ◊ 	U	 114 	 36 	 16258 	  1171.7 	  -20.7 	 0.095 	 2 	 1 	 0 	 0.000 
 12 		E	 110 	 32 	 6112 	 ◊ 	H	 115 	 35 	 16128 	  1125.6 	  -18.7 	 0.144 	 7 	 1 	 0 	 0.000 
Average: 	  1148.6 	  -19.7 	 0.119 	 5 	 1 	 0 	 0.000 
 7 	 13 		J	 107 	 29 	 20118 	 ◊ 	V	 108 	 31 	 20161 	  1065.2 	  -22.6 	 0.363 	 0 	 0 	 0 	 0.000 
 8 	 14 		N	 96 	 21 	 8934 	 ◊ 	V	 120 	 32 	 20161 	  1044.8 	  -18.5 	 0.425 	 3 	 0 	 0 	 0.000 
 15 		A	 95 	 20 	 9055 	 ◊ 	J	 122 	 33 	 20118 	  1044.8 	  -19.4 	 0.348 	 4 	 0 	 0 	 0.000 
Average: 	  1044.8 	  -18.9 	 0.386 	 4 	 0 	 0 	 0.000 
 9 	 16 		P	 94 	 24 	 13368 	 ◊ 	Y	 124 	 41 	 20802 	  967.8 	  -5.9 	 0.651 	 13 	 5 	 0 	 0.000 
 17 		C	 86 	 22 	 13436 	 ◊ 	L	 129 	 42 	 20769 	  942.5 	  -3.0 	 0.820 	 14 	 2 	 0 	 0.000 
Average: 	  955.2 	  -4.5 	 0.735 	 14 	 4 	 0 	 0.000 
 10 	 18 		A	 95 	 20 	 9055 	 ◊ 	L	 97 	 24 	 20769 	  889.6 	  -6.3 	 0.568 	 12 	 4 	 0 	 0.000 
 19 		N	 94 	 20 	 8934 	 ◊ 	Y	 97 	 23 	 20802 	  882.4 	  -7.1 	 0.462 	 11 	 5 	 0 	 0.000 
Average: 	  886.0 	  -6.7 	 0.515 	 12 	 5 	 0 	 0.000 
 11 	 20 		Q	 87 	 22 	 6056 	 ◊ 	U	 100 	 27 	 16258 	  869.3 	  -10.2 	 0.661 	 7 	 1 	 0 	 0.000 
 21 		D	 79 	 19 	 6080 	 ◊ 	H	 89 	 26 	 16128 	  856.5 	  -11.9 	 0.509 	 6 	 3 	 0 	 0.000 
Average: 	  862.9 	  -11.0 	 0.585 	 7 	 2 	 0 	 0.000 
 12 	 22 		C	 87 	 28 	 13436 	 ◊ 	H	 89 	 25 	 16128 	  792.3 	  -11.0 	 0.416 	 4 	 3 	 0 	 0.000 
 23 		P	 83 	 28 	 13368 	 ◊ 	U	 81 	 25 	 16258 	  772.2 	  -13.2 	 0.240 	 1 	 0 	 0 	 0.000 
Average: 	  782.3 	  -12.1 	 0.328 	 3 	 2 	 0 	 0.000 
 13 	 24 		A	 75 	 20 	 9055 	 ◊ 	H	 88 	 22 	 16128 	  753.6 	  -7.8 	 0.578 	 9 	 1 	 0 	 0.000 
 25 		N	 78 	 20 	 8934 	 ◊ 	U	 81 	 20 	 16258 	  729.3 	  -7.2 	 0.612 	 11 	 0 	 0 	 0.000 
Average: 	  741.5 	  -7.5 	 0.595 	 10 	 1 	 0 	 0.000 
 14 	 26 		V	 89 	 27 	 20161 	 ◊ 	[PEE]V:403	 45 	 1 	 1214 	  715.2 	  -16.0 	 0.573 	 3 	 0 	 0 	 0.000 
 15 	 27 		K	 83 	 23 	 18915 	 ◊ 	W	 79 	 21 	 18962 	  705.5 	  -1.7 	 0.732 	 7 	 10 	 0 	 0.000 
 16 	 28 		J	 90 	 28 	 20118 	 ◊ 	[PEE]J:403	 48 	 1 	 1232 	  702.7 	  -17.4 	 0.641 	 4 	 0 	 0 	 0.000 
 17 	 29 		V	 80 	 29 	 20161 	 ◊ 	[HEM]V:402	 43 	 1 	 810 	  626.2 	  -22.8 	 0.724 	 5 	 0 	 0 	 0.000 
 30 		J	 80 	 30 	 20118 	 ◊ 	[HEM]J:402	 43 	 1 	 801 	  617.9 	  -23.0 	 0.694 	 7 	 0 	 0 	 0.000 
Average: 	  622.1 	  -22.9 	 0.709 	 6 	 0 	 0 	 0.000 
 18 	 31 		D	 58 	 15 	 6080 	 ◊ 	G	 65 	 17 	 5110 	  625.5 	  -13.5 	 0.436 	 2 	 0 	 0 	 0.000 
 32 		Q	 58 	 16 	 6056 	 ◊ 	T	 65 	 18 	 4991 	  590.3 	  -13.9 	 0.359 	 1 	 0 	 0 	 0.000 
Average: 	  607.9 	  -13.7 	 0.398 	 2 	 0 	 0 	 0.000 
 19 	 33 		J	 94 	 31 	 20118 	 ◊ 	[HEM]J:401	 43 	 1 	 793 	  623.5 	  -23.2 	 0.703 	 2 	 0 	 0 	 0.000 
 34 		V	 93 	 30 	 20161 	 ◊ 	[HEM]V:401	 43 	 1 	 798 	  613.6 	  -23.2 	 0.714 	 1 	 0 	 0 	 0.000 
Average: 	  618.6 	  -23.2 	 0.709 	 2 	 0 	 0 	 0.000 
 20 	 35 		H	 78 	 29 	 16128 	 ◊ 	[HEC]H:402	 43 	 1 	 823 	  616.7 	  -22.7 	 0.398 	 3 	 0 	 0 	 0.000 
 36 		U	 75 	 29 	 16258 	 ◊ 	[HEC]U:402	 43 	 1 	 825 	  609.4 	  -21.8 	 0.417 	 3 	 0 	 0 	 0.000 
Average: 	  613.0 	  -22.3 	 0.408 	 3 	 0 	 0 	 0.000 
 21 	 37 		P	 70 	 18 	 13368 	 ◊ 	Q	 70 	 18 	 6056 	  610.7 	  -13.4 	 0.293 	 1 	 0 	 0 	 0.000 
 38 		C	 70 	 18 	 13436 	 ◊ 	D	 69 	 19 	 6080 	  583.0 	  -12.8 	 0.322 	 2 	 0 	 0 	 0.000 
Average: 	  596.8 	  -13.1 	 0.308 	 2 	 0 	 0 	 0.000 
 22 	 39 		N	 64 	 12 	 8934 	 ◊ 	P	 73 	 16 	 13368 	  558.4 	  -3.7 	 0.744 	 6 	 3 	 0 	 0.000 
 40 		A	 62 	 12 	 9055 	 ◊ 	C	 69 	 17 	 13436 	  540.6 	  -3.2 	 0.734 	 6 	 3 	 0 	 0.000 
Average: 	  549.5 	  -3.5 	 0.739 	 6 	 3 	 0 	 0.000 
 23 	 41 		C	 57 	 20 	 13436 	 ◊ 	V	 54 	 14 	 20161 	  539.3 	  -7.3 	 0.573 	 5 	 0 	 0 	 0.000 
 42 		P	 53 	 20 	 13368 	 ◊ 	J	 53 	 15 	 20118 	  517.1 	  -7.3 	 0.613 	 4 	 0 	 0 	 0.000 
Average: 	  528.2 	  -7.3 	 0.593 	 5 	 0 	 0 	 0.000 
 24 	 43 		C	 51 	 14 	 13436 	 ◊ 	J	 54 	 15 	 20118 	  490.6 	  -8.2 	 0.507 	 5 	 1 	 0 	 0.000 
 44 		P	 47 	 13 	 13368 	 ◊ 	V	 55 	 17 	 20161 	  475.2 	  -7.3 	 0.594 	 4 	 1 	 0 	 0.000 
Average: 	  482.9 	  -7.7 	 0.550 	 5 	 1 	 0 	 0.000 
 25 	 45 		N	 47 	 14 	 8934 	 ◊ 	S	 46 	 12 	 8453 	  439.1 	  -2.0 	 0.507 	 5 	 1 	 0 	 0.000 
 46 		A	 47 	 12 	 9055 	 ◊ 	F	 50 	 14 	 8363 	  411.6 	  -2.2 	 0.571 	 4 	 0 	 0 	 0.000 
Average: 	  425.3 	  -2.1 	 0.539 	 5 	 1 	 0 	 0.000 
 26 	 47 		J	 46 	 15 	 20118 	 ◊ 	L	 48 	 14 	 20769 	  421.6 	  1.8 	 0.954 	 5 	 3 	 0 	 0.000 
 48 		V	 46 	 15 	 20161 	 ◊ 	Y	 42 	 13 	 20802 	  404.6 	  0.5 	 0.928 	 5 	 3 	 0 	 0.000 
Average: 	  413.1 	  1.2 	 0.941 	 5 	 3 	 0 	 0.000 
 27 	 49 		S	 53 	 11 	 8453 	 ◊ 	K	 44 	 12 	 18915 	  416.9 	  -1.4 	 0.622 	 2 	 3 	 0 	 0.000 
 50 		F	 49 	 11 	 8363 	 ◊ 	W	 41 	 9 	 18962 	  364.7 	  -2.4 	 0.564 	 3 	 4 	 0 	 0.000 
Average: 	  390.8 	  -1.9 	 0.593 	 3 	 4 	 0 	 0.000 
 28 	 51 		J	 44 	 12 	 20118 	 ◊ 	[CDL]J:404	 39 	 1 	 1239 	  407.7 	  -9.4 	 0.548 	 1 	 0 	 0 	 0.000 
 29 	 52 		A	 40 	 7 	 9055 	 ◊ 	E	 47 	 13 	 6112 	  396.8 	  -0.0 	 0.778 	 4 	 4 	 0 	 0.000 
 53 		N	 28 	 6 	 8934 	 ◊ 	R	 37 	 12 	 5946 	  267.8 	  -1.9 	 0.615 	 0 	 0 	 0 	 0.000 
Average: 	  332.3 	  -1.0 	 0.697 	 2 	 2 	 0 	 0.000 
 30 	 54 		S	 43 	 10 	 8453 	 ◊ 	U	 44 	 10 	 16258 	  392.3 	  -1.4 	 0.604 	 4 	 0 	 0 	 0.000 
 55 		F	 41 	 11 	 8363 	 ◊ 	H	 43 	 10 	 16128 	  375.5 	  -2.2 	 0.612 	 2 	 3 	 0 	 0.000 
Average: 	  383.9 	  -1.8 	 0.608 	 3 	 2 	 0 	 0.000 
 31 	 56 		V	 42 	 12 	 20161 	 ◊ 	[CDL]J:404	 38 	 1 	 1239 	  377.4 	  -9.2 	 0.476 	 0 	 0 	 0 	 0.000 
 32 	 57 		G	 35 	 7 	 5110 	 ◊ 	L	 38 	 12 	 20769 	  355.5 	  -1.8 	 0.679 	 3 	 0 	 0 	 0.000 
 58 		T	 34 	 8 	 4991 	 ◊ 	Y	 42 	 12 	 20802 	  335.2 	  -1.2 	 0.731 	 3 	 0 	 0 	 0.000 
Average: 	  345.3 	  -1.5 	 0.705 	 3 	 0 	 0 	 0.000 
 33 	 59 		C	 36 	 11 	 13436 	 ◊ 	[PEE]H:401	 38 	 1 	 1131 	  329.5 	  -3.3 	 0.627 	 0 	 0 	 0 	 0.000 
 34 	 60 		[CDL]L:502	 42 	 1 	 1331 	 ◊ 	[PEE]L:503	 32 	 1 	 1187 	  318.4 	  -8.3 	 0.799 	 0 	 0 	 0 	 0.000 
 35 	 61 		T	 36 	 10 	 4991 	 ◊ 	[PLX]T:101	 33 	 1 	 1233 	  308.9 	  -1.2 	 0.592 	 0 	 0 	 0 	 0.000 
 36 	 62 		P	 35 	 10 	 13368 	 ◊ 	[PEE]U:401	 34 	 1 	 956 	  306.0 	  -5.4 	 0.586 	 2 	 0 	 0 	 0.000 
 37 	 63 		J	 43 	 12 	 20118 	 ◊ 	[CDL]L:502	 29 	 1 	 1331 	  305.8 	  -6.3 	 0.720 	 0 	 0 	 0 	 0.000 
 64 		V	 36 	 12 	 20161 	 ◊ 	[CDL]Y:501	 21 	 1 	 1339 	  238.9 	  -5.7 	 0.729 	 0 	 0 	 0 	 0.000 
Average: 	  272.3 	  -6.0 	 0.724 	 0 	 0 	 0 	 0.000 
 38 	 65 		J	 32 	 14 	 20118 	 ◊ 	[CDL]H:403	 25 	 1 	 1201 	  295.3 	  -5.9 	 0.677 	 2 	 0 	 0 	 0.000 
 39 	 66 		C	 33 	 11 	 13436 	 ◊ 	U	 33 	 13 	 16258 	  289.5 	  -4.5 	 0.453 	 3 	 0 	 0 	 0.000 
 67 		P	 33 	 11 	 13368 	 ◊ 	H	 31 	 12 	 16128 	  276.5 	  -4.6 	 0.434 	 3 	 0 	 0 	 0.000 
Average: 	  283.0 	  -4.6 	 0.443 	 3 	 0 	 0 	 0.000 
 40 	 68 		G	 36 	 7 	 5110 	 ◊ 	[CDL]G:101	 30 	 1 	 1099 	  288.6 	  -3.6 	 0.923 	 2 	 0 	 0 	 0.000 
 41 	 69 		V	 36 	 14 	 20161 	 ◊ 	[CDL]U:403	 21 	 1 	 1276 	  284.8 	  -5.7 	 0.678 	 2 	 0 	 0 	 0.000 
 42 	 70 		Y	 27 	 7 	 20802 	 ◊ 	[CDL]Y:501	 34 	 1 	 1339 	  273.7 	  1.2 	 0.923 	 3 	 0 	 0 	 0.000 
 71 		L	 28 	 6 	 20769 	 ◊ 	[CDL]L:502	 30 	 1 	 1331 	  271.4 	  0.3 	 0.906 	 3 	 0 	 0 	 0.000 
Average: 	  272.6 	  0.7 	 0.914 	 3 	 0 	 0 	 0.000 
 43 	 72 		U	 27 	 8 	 16258 	 c 	[CDL]U:403	 31 	 1 	 1276 	  266.6 	  -1.7 	 0.882 	 5 	 0 	 0 	 0.000 
 73 		H	 24 	 7 	 16128 	 ◊ 	[CDL]H:403	 26 	 1 	 1201 	  234.5 	  -0.9 	 0.906 	 6 	 0 	 0 	 0.000 
Average: 	  250.6 	  -1.3 	 0.894 	 6 	 0 	 0 	 0.000 
 44 	 74 		H	 27 	 9 	 16128 	 ◊ 	U	 30 	 11 	 16258 	  262.2 	  -2.8 	 0.564 	 0 	 0 	 0 	 0.000 
 45 	 75 		N	 31 	 9 	 8934 	 ◊ 	[CDL]N:101	 25 	 1 	 1139 	  260.4 	  -2.8 	 0.804 	 2 	 0 	 0 	 0.000 
 46 	 76 		V	 28 	 5 	 20161 	 ◊ 	[CDL]G:101	 25 	 1 	 1099 	  243.7 	  -5.4 	 0.659 	 1 	 0 	 0 	 0.000 
 47 	 77 		D	 23 	 6 	 6080 	 ◊ 	L	 35 	 11 	 20769 	  239.3 	  0.8 	 0.824 	 8 	 0 	 0 	 0.000 
 78 		Q	 22 	 6 	 6056 	 ◊ 	Y	 25 	 8 	 20802 	  217.9 	  -0.0 	 0.770 	 5 	 0 	 0 	 0.000 
Average: 	  228.6 	  0.4 	 0.797 	 7 	 0 	 0 	 0.000 
 48 	 79 		J	 23 	 9 	 20118 	 ◊ 	[PEE]H:401	 27 	 1 	 1131 	  235.3 	  -5.0 	 0.354 	 0 	 0 	 0 	 0.000 
 49 	 80 		C	 22 	 7 	 13436 	 ◊ 	[PLX]L:501	 30 	 1 	 1360 	  235.2 	  -0.1 	 0.270 	 0 	 0 	 0 	 0.000 
 81 		P	 20 	 6 	 13368 	 ◊ 	[PLX]Q:101	 23 	 1 	 1332 	  216.9 	  0.8 	 0.299 	 0 	 0 	 0 	 0.000 
Average: 	  226.0 	  0.4 	 0.285 	 0 	 0 	 0 	 0.000 
 50 	 82 		[CDL]Y:501	 25 	 1 	 1339 	 ◊ 	[PEE]Y:502	 25 	 1 	 1313 	  230.8 	  -0.8 	 0.964 	 1 	 0 	 0 	 0.000 
 51 	 83 		[CDL]A:101	 21 	 1 	 1178 	 ◊ 	[CDL]H:403	 31 	 1 	 1201 	  227.9 	  -5.3 	 0.902 	 0 	 0 	 0 	 0.000 
 52 	 84 		A	 27 	 9 	 9055 	 ◊ 	[CDL]A:101	 23 	 1 	 1178 	  226.7 	  -2.1 	 0.825 	 3 	 0 	 0 	 0.000 
 53 	 85 		J	 25 	 5 	 20118 	 ◊ 	[CDL]J:405	 27 	 1 	 1058 	  224.5 	  -5.8 	 0.573 	 0 	 0 	 0 	 0.000 
 54 	 86 		U	 27 	 8 	 16258 	 ◊ 	[PEE]U:401	 22 	 1 	 956 	  215.7 	  -8.0 	 0.388 	 0 	 0 	 0 	 0.000 
 55 	 87 		F	 22 	 5 	 8363 	 ◊ 	T	 26 	 7 	 4991 	  209.5 	  -1.4 	 0.761 	 1 	 0 	 0 	 0.000 
 88 		S	 23 	 5 	 8453 	 ◊ 	G	 22 	 7 	 5110 	  203.3 	  -1.5 	 0.701 	 2 	 0 	 0 	 0.000 
Average: 	  206.4 	  -1.5 	 0.731 	 2 	 0 	 0 	 0.000 
 56 	 89 		[PLX]Q:101	 24 	 1 	 1332 	 ◊ 	[PEE]Y:502	 24 	 1 	 1313 	  207.5 	  -2.7 	 0.592 	 0 	 0 	 0 	 0.000 
 57 	 90 		H	 27 	 8 	 16128 	 ◊ 	[PEE]H:401	 19 	 1 	 1131 	  204.2 	  -6.3 	 0.418 	 3 	 0 	 0 	 0.000 
 58 	 91 		V	 21 	 9 	 20161 	 ◊ 	[PEE]U:401	 21 	 1 	 956 	  201.2 	  -6.1 	 0.301 	 0 	 0 	 0 	 0.000 
 59 	 92 		N	 21 	 9 	 8934 	 ◊ 	[CDL]U:403	 23 	 1 	 1276 	  200.8 	  -2.8 	 0.686 	 1 	 0 	 0 	 0.000 
 93 		A	 22 	 8 	 9055 	 ◊ 	[CDL]H:403	 19 	 1 	 1201 	  186.5 	  -2.6 	 0.736 	 2 	 0 	 0 	 0.000 
Average: 	  193.6 	  -2.7 	 0.711 	 2 	 0 	 0 	 0.000 
 60 	 94 		D	 26 	 8 	 6080 	 ◊ 	[PLX]L:501	 16 	 1 	 1360 	  199.4 	  -1.3 	 0.533 	 0 	 0 	 0 	 0.000 
 95 		Q	 24 	 8 	 6056 	 ◊ 	[PLX]Q:101	 18 	 1 	 1332 	  196.2 	  -0.4 	 0.568 	 1 	 0 	 0 	 0.000 
Average: 	  197.8 	  -0.9 	 0.551 	 1 	 0 	 0 	 0.000 
 61 	 96 		J	 25 	 8 	 20118 	 ◊ 	[PLX]L:501	 15 	 1 	 1360 	  198.6 	  -2.6 	 0.409 	 0 	 0 	 0 	 0.000 
 97 		V	 23 	 8 	 20161 	 ◊ 	[PLX]Q:101	 12 	 1 	 1332 	  182.1 	  -1.7 	 0.448 	 0 	 0 	 0 	 0.000 
Average: 	  190.4 	  -2.1 	 0.429 	 0 	 0 	 0 	 0.000 
 62 	 98 		V	 23 	 9 	 20161 	 ◊ 	[PEE]Y:502	 20 	 1 	 1313 	  197.5 	  -3.3 	 0.716 	 2 	 0 	 0 	 0.000 
 63 	 99 		J	 21 	 8 	 20118 	 ◊ 	[CDL]A:101	 22 	 1 	 1178 	  192.1 	  -3.1 	 0.657 	 1 	 0 	 0 	 0.000 
 64 	 100 		P	 17 	 5 	 13368 	 ◊ 	[CDL]J:405	 21 	 1 	 1058 	  191.8 	  -3.7 	 0.315 	 0 	 0 	 0 	 0.000 
 65 	 101 		[CDL]N:101	 21 	 1 	 1139 	 ◊ 	[PEE]V:403	 22 	 1 	 1214 	  187.1 	  -2.4 	 0.910 	 0 	 0 	 0 	 0.000 
 66 	 102 		T	 24 	 6 	 4991 	 ◊ 	[CDL]J:405	 22 	 1 	 1058 	  185.4 	  -4.3 	 0.739 	 0 	 0 	 0 	 0.000 
 67 	 103 		V	 19 	 8 	 20161 	 ◊ 	[CDL]N:101	 23 	 1 	 1139 	  185.2 	  -3.0 	 0.628 	 2 	 0 	 0 	 0.000 
 68 	 104 		P	 23 	 8 	 13368 	 ◊ 	[PEE]Y:502	 14 	 1 	 1313 	  165.0 	  -5.2 	 0.413 	 0 	 0 	 0 	 0.000 
 69 	 105 		[CDL]N:101	 17 	 1 	 1139 	 ◊ 	[CDL]U:403	 23 	 1 	 1276 	  163.9 	  -3.4 	 0.916 	 0 	 0 	 0 	 0.000 
 70 	 106 		[CDL]A:101	 21 	 1 	 1178 	 ◊ 	[PEE]J:403	 21 	 1 	 1232 	  162.7 	  -2.0 	 0.945 	 0 	 0 	 0 	 0.000 
 71 	 107 		C	 15 	 5 	 13436 	 ◊ 	[CDL]G:101	 19 	 1 	 1099 	  151.8 	  -3.0 	 0.368 	 0 	 0 	 0 	 0.000 
 72 	 108 		L	 17 	 6 	 20769 	 ◊ 	[PEE]L:503	 11 	 1 	 1187 	  149.8 	  -1.0 	 0.535 	 2 	 0 	 0 	 0.000 
 73 	 109 		Y	 15 	 5 	 20802 	 ◊ 	[PLX]T:101	 15 	 1 	 1233 	  139.4 	  3.4 	 0.749 	 0 	 0 	 0 	 0.000 
 74 	 110 		Y	 15 	 6 	 20802 	 ◊ 	[PEE]Y:502	 10 	 1 	 1313 	  132.7 	  -1.1 	 0.491 	 0 	 0 	 0 	 0.000 
 75 	 111 		P	 13 	 8 	 13368 	 ◊ 	[FES]P:301	 4 	 1 	 235 	  127.2 	  -17.1 	 0.691 	 1 	 0 	 0 	 0.000 
 76 	 112 		C	 13 	 8 	 13436 	 ◊ 	[FES]C:301	 4 	 1 	 235 	  126.4 	  -17.1 	 0.646 	 1 	 0 	 0 	 0.000 
 77 	 113 		N	 15 	 6 	 8934 	 ◊ 	[PEE]V:403	 15 	 1 	 1214 	  125.8 	  0.1 	 0.617 	 0 	 0 	 0 	 0.000 
 78 	 114 		C	 11 	 4 	 13436 	 ◊ 	G	 12 	 3 	 5110 	  125.3 	  -1.9 	 0.523 	 0 	 0 	 0 	 0.000 
 115 		P	 12 	 4 	 13368 	 ◊ 	T	 12 	 3 	 4991 	  110.4 	  -1.5 	 0.551 	 1 	 1 	 0 	 0.000 
Average: 	  117.8 	  -1.7 	 0.537 	 1 	 1 	 0 	 0.000 
 79 	 116 		J	 12 	 5 	 20118 	 ◊ 	[PEE]L:503	 17 	 1 	 1187 	  124.1 	  -2.5 	 0.696 	 2 	 0 	 0 	 0.000 
 80 	 117 		H	 15 	 5 	 16128 	 ◊ 	L	 13 	 6 	 20769 	  121.2 	  -0.4 	 0.485 	 1 	 0 	 0 	 0.000 
 118 		U	 15 	 5 	 16258 	 ◊ 	Y	 15 	 6 	 20802 	  120.5 	  0.4 	 0.687 	 1 	 0 	 0 	 0.000 
Average: 	  120.8 	  -0.0 	 0.586 	 1 	 0 	 0 	 0.000 
 81 	 119 		A	 13 	 7 	 9055 	 ◊ 	[PEE]J:403	 12 	 1 	 1232 	  116.7 	  -1.5 	 0.666 	 1 	 0 	 0 	 0.000 
 82 	 120 		L	 17 	 6 	 20769 	 ◊ 	[PLX]L:501	 13 	 1 	 1360 	  113.0 	  -0.4 	 0.410 	 0 	 0 	 0 	 0.000 
 121 		Y	 18 	 7 	 20802 	 ◊ 	[PLX]Q:101	 12 	 1 	 1332 	  111.6 	  -0.4 	 0.418 	 0 	 0 	 0 	 0.000 
Average: 	  112.3 	  -0.4 	 0.414 	 0 	 0 	 0 	 0.000 
 83 	 122 		[PLX]L:501	 19 	 1 	 1360 	 ◊ 	[PEE]L:503	 13 	 1 	 1187 	  110.9 	  1.0 	 0.695 	 0 	 0 	 0 	 0.000 
 84 	 123 		T	 13 	 3 	 4991 	 ◊ 	[CDL]Y:501	 11 	 1 	 1339 	  86.7 	  -2.6 	 0.626 	 0 	 0 	 0 	 0.000 
 124 		G	 14 	 3 	 5110 	 ◊ 	[CDL]L:502	 10 	 1 	 1331 	  80.8 	  -2.4 	 0.675 	 0 	 0 	 0 	 0.000 
Average: 	  83.7 	  -2.5 	 0.650 	 0 	 0 	 0 	 0.000 
 85 	 125 		[PEE]H:401	 13 	 1 	 1131 	 ◊ 	[PLX]L:501	 8 	 1 	 1360 	  86.1 	  0.5 	 0.733 	 0 	 0 	 0 	 0.000 
 86 	 126 		H	 6 	 3 	 16128 	 ◊ 	[PLX]L:501	 10 	 1 	 1360 	  75.8 	  0.2 	 0.416 	 0 	 0 	 0 	 0.000 
 127 		U	 5 	 3 	 16258 	 ◊ 	[PLX]Q:101	 6 	 1 	 1332 	  59.9 	  0.4 	 0.521 	 0 	 0 	 0 	 0.000 
Average: 	  67.8 	  0.3 	 0.469 	 0 	 0 	 0 	 0.000 
 87 	 128 		[CDL]Y:501	 8 	 1 	 1339 	 ◊ 	[PLX]T:101	 9 	 1 	 1233 	  72.2 	  -0.4 	 0.625 	 0 	 0 	 0 	 0.000 
 88 	 129 		F	 9 	 4 	 8363 	 ◊ 	[CDL]H:403	 7 	 1 	 1201 	  70.7 	  -0.4 	 0.665 	 0 	 0 	 0 	 0.000 
 130 		S	 9 	 4 	 8453 	 ◊ 	[CDL]U:403	 10 	 1 	 1276 	  68.4 	  -0.7 	 0.602 	 0 	 0 	 0 	 0.000 
Average: 	  69.6 	  -0.5 	 0.633 	 0 	 0 	 0 	 0.000 
 89 	 131 		[PLX]Q:101	 8 	 1 	 1332 	 ◊ 	[CDL]Y:501	 6 	 1 	 1339 	  69.7 	  -2.2 	 0.338 	 0 	 0 	 0 	 0.000 
 132 		[PLX]L:501	 10 	 1 	 1360 	 ◊ 	[CDL]L:502	 5 	 1 	 1331 	  66.7 	  -2.1 	 0.324 	 0 	 0 	 0 	 0.000 
Average: 	  68.2 	  -2.2 	 0.331 	 0 	 0 	 0 	 0.000 
 90 	 133 		T	 8 	 3 	 4991 	 ◊ 	[PEE]Y:502	 8 	 1 	 1313 	  68.1 	  -2.0 	 0.606 	 0 	 0 	 0 	 0.000 
 91 	 134 		[CDL]J:405	 8 	 1 	 1058 	 ◊ 	[PEE]Y:502	 5 	 1 	 1313 	  62.9 	  -2.0 	 0.602 	 0 	 0 	 0 	 0.000 
 92 	 135 		[PLX]Q:101	 4 	 1 	 1332 	 ◊ 	[PEE]U:401	 9 	 1 	 956 	  60.5 	  1.0 	 0.806 	 0 	 0 	 0 	 0.000 
 93 	 136 		Q	 12 	 4 	 6056 	 ◊ 	[PEE]U:401	 8 	 1 	 956 	  55.7 	  0.7 	 0.844 	 0 	 0 	 0 	 0.000 
 94 	 137 		T	 6 	 2 	 4991 	 ◊ 	J	 4 	 1 	 20118 	  50.8 	  -0.7 	 0.605 	 1 	 0 	 0 	 0.000 
 138 		G	 7 	 2 	 5110 	 ◊ 	V	 4 	 1 	 20161 	  47.1 	  -0.6 	 0.650 	 1 	 0 	 0 	 0.000 
Average: 	  48.9 	  -0.7 	 0.628 	 1 	 0 	 0 	 0.000 
 95 	 139 		S	 6 	 1 	 8453 	 ◊ 	[CDL]N:101	 6 	 1 	 1139 	  49.6 	  0.4 	 0.812 	 0 	 0 	 0 	 0.000 
 96 	 140 		F	 6 	 3 	 8363 	 ◊ 	Y	 7 	 4 	 20802 	  47.1 	  0.1 	 0.630 	 1 	 0 	 0 	 0.000 
 141 		S	 5 	 3 	 8453 	 ◊ 	L	 5 	 4 	 20769 	  36.6 	  0.2 	 0.622 	 1 	 0 	 0 	 0.000 
Average: 	  41.8 	  0.2 	 0.626 	 1 	 0 	 0 	 0.000 
 97 	 142 		D	 6 	 3 	 6080 	 ◊ 	[PEE]H:401	 3 	 1 	 1131 	  41.6 	  0.3 	 0.750 	 0 	 0 	 0 	 0.000 
 98 	 143 		F	 5 	 1 	 8363 	 ◊ 	[CDL]A:101	 6 	 1 	 1178 	  39.5 	  0.2 	 0.765 	 0 	 0 	 0 	 0.000 
 99 	 144 		C	 3 	 2 	 13436 	 ◊ 	[HEC]U:402	 3 	 1 	 825 	  37.2 	  -1.7 	 0.485 	 0 	 0 	 0 	 0.000 
 145 		P	 3 	 2 	 13368 	 ◊ 	[HEC]H:402	 3 	 1 	 823 	  30.6 	  -1.4 	 0.542 	 0 	 0 	 0 	 0.000 
Average: 	  33.9 	  -1.6 	 0.513 	 0 	 0 	 0 	 0.000 
 100 	 146 		G	 4 	 3 	 5110 	 ◊ 	[PLX]L:501	 7 	 1 	 1360 	  34.6 	  -0.9 	 0.421 	 0 	 0 	 0 	 0.000 
 147 		T	 3 	 2 	 4991 	 ◊ 	[PLX]Q:101	 6 	 1 	 1332 	  31.3 	  -1.0 	 0.338 	 0 	 0 	 0 	 0.000 
Average: 	  32.9 	  -0.9 	 0.380 	 0 	 0 	 0 	 0.000 
 101 	 148 		[CDL]G:101	 5 	 1 	 1099 	 ◊ 	[PLX]L:501	 2 	 1 	 1360 	  25.9 	  -0.8 	 0.479 	 0 	 0 	 0 	 0.000 
 102 	 149 		[CDL]J:405	 2 	 1 	 1058 	 ◊ 	[PEE]U:401	 3 	 1 	 956 	  24.5 	  -0.8 	 0.522 	 0 	 0 	 0 	 0.000 
 103 	 150 		[CDL]J:405	 3 	 1 	 1058 	 ◊ 	[PLX]Q:101	 2 	 1 	 1332 	  17.6 	  -0.6 	 0.504 	 0 	 0 	 0 	 0.000 
 104 	 151 		V	 2 	 2 	 20161 	 ◊ 	[CDL]J:405	 2 	 1 	 1058 	  13.0 	  0.2 	 0.845 	 0 	 0 	 0 	 0.000 
 105 	 152 		V	 1 	 1 	 20161 	 ◊ 	[HEM]J:401	 1 	 1 	 793 	  8.9 	  -0.3 	 0.399 	 0 	 0 	 0 	 0.000 
 106 	 153 		Q	 1 	 1 	 6056 	 ◊ 	[CDL]Y:501	 2 	 1 	 1339 	  8.5 	  -0.3 	 0.501 	 0 	 0 	 0 	 0.000 
 154 		D	 1 	 1 	 6080 	 ◊ 	[CDL]L:502	 1 	 1 	 1331 	  0.2 	  -0.0 	 0.704 	 0 	 0 	 0 	 0.000 
Average: 	  4.4 	  -0.1 	 0.603 	 0 	 0 	 0 	 0.000 
 107 	 155 		P	 1 	 1 	 13368 	 ◊ 	S	 2 	 2 	 8453 	  8.1 	  0.2 	 0.793 	 0 	 0 	 0 	 0.000 
 108 	 156 		U	 1 	 1 	 16258 	 ◊ 	[PEE]Y:502	 1 	 1 	 1313 	  5.7 	  -0.1 	 0.761 	 0 	 0 	 0 	 0.000 
 109 	 157 		F	 2 	 1 	 8363 	 ◊ 	L	 1 	 1 	 20769 	  5.5 	  0.1 	 0.685 	 0 	 0 	 0 	 0.000 
 158 		S	 1 	 1 	 8453 	 ◊ 	Y	 1 	 1 	 20802 	  1.5 	  0.0 	 0.590 	 0 	 0 	 0 	 0.000 
Average: 	  3.5 	  0.1 	 0.637 	 0 	 0 	 0 	 0.000 
 110 	 159 		A	 1 	 1 	 9055 	 ◊ 	[CDL]J:404	 1 	 1 	 1239 	  4.1 	  0.1 	 0.758 	 0 	 0 	 0 	 0.000 
 111 	 160 		A	 1 	 1 	 9055 	 ◊ 	[PLX]L:501	 1 	 1 	 1360 	  3.5 	  -0.0 	 0.523 	 0 	 0 	 0 	 0.000 
 112 	 161 		J	 1 	 1 	 20118 	 ◊ 	[CDL]G:101	 1 	 1 	 1099 	  3.0 	  -0.0 	 0.599 	 0 	 0 	 0 	 0.000 
 113 	 162 		F	 2 	 2 	 8363 	 ◊ 	[PEE]J:403	 1 	 1 	 1232 	  2.6 	  -0.0 	 0.657 	 0 	 0 	 0 	 0.000 
 114 	 163 		H	 1 	 1 	 16128 	 ◊ 	[PEE]L:503	 1 	 1 	 1187 	  1.3 	  0.1 	 0.775 	 0 	 0 	 0 	 0.000 
 115 	 164 		S	 1 	 1 	 8453 	 ◊ 	[PEE]V:403	 1 	 1 	 1214 	  0.8 	  0.0 	 0.723 	 0 	 0 	 0 	 0.000 
   View    Details    Download Search
PDBe PISA v1.52 [20/10/2014]
Protein Data Bank in Europe (PDBe)is a member ofwwPDBEMDataBank
EMBL European Bioinformatics Institute
News
Our impact
Contact us
Intranet
Services
By topic
By name (A-Z)
Help & Support
Research
Overview
Publications
Research groups
Postdocs & PhDs
Training
Overview
Train at EBI
Train outside EBI
Train online
Contact organisers
Industry
Overview
Members Area
Workshops
SME Forum
Contact Industry programme
About us
Overview
Leadership
Funding
Background
Collaboration
Jobs
People & groups
News
Events
Visit us
Contact us
EMBL-EBI, Wellcome Genome Campus, Hinxton, Cambridgeshire, CB10 1SD, UK     +44 (0)1223 49 44 44

Copyright © EMBL-EBI 2020 | EBI is an outstation of the European Molecular Biology Laboratory | Terms of use
