Skip to main content
Skip to local navigation
Skip to EBI global navigation menu
Skip to expanded EBI global navigation menu (includes all sub-sections)
EMBL European Bioinformatics Institute
Services
Research
Training
About us
Protein Data Bank in Europe Protein Data Bank
in EuropeBringing Structure to Biology
PDBePISA
 Feedback
 Share
PISA Interface List.

Session Map help (id=775-6C-DBC)
Start	Interfaces	Interface Search
 	Monomers	 
 	Assemblies	 
 Interfaces in PDB 6cp3
MONOMER YEAST ATP SYNTHASE (F1FO) RECONSTITUTED IN NANODISC WITH INHIBITOR OF OLIGOMYCIN BOUND.
Interfaces help   XML    View    Details    Download Search
 ## 	 Structure 1 	 × 	 Structure 2 	 interface 
 area, Å2 	 ΔiG 
 kcal/mol 	 ΔiG 
 P-value 	 NHB 	 NSB 	 NDS 	 CSS 
 Id 	 NN 	 «» 	 Range 	 iNat 	 iNres 	 Surface Å2 	 Range 	 iNat 	 iNres 	 Surface Å2 
 1 	 1 		C	 273 	 77 	 23687 	 ◊ 	D	 281 	 78 	 21157 	  2677.3 	  -14.8 	 0.287 	 23 	 10 	 0 	 0.000 
 2 		B	 253 	 72 	 23242 	 ◊ 	F	 252 	 69 	 20935 	  2417.0 	  -13.8 	 0.317 	 27 	 15 	 0 	 0.000 
Average: 	  2547.2 	  -14.3 	 0.302 	 25 	 13 	 0 	 0.000 
 2 	 3 		Z	 265 	 63 	 14936 	 ◊ 	7	 267 	 73 	 16571 	  2574.5 	  -42.0 	 0.430 	 11 	 3 	 0 	 0.000 
 3 	 4 		A	 263 	 66 	 22934 	 ◊ 	D	 271 	 78 	 21157 	  2510.7 	  -10.8 	 0.167 	 24 	 7 	 0 	 0.000 
 5 		C	 254 	 72 	 23687 	 ◊ 	F	 259 	 73 	 20935 	  2334.4 	  -15.8 	 0.176 	 18 	 8 	 0 	 0.000 
Average: 	  2422.6 	  -13.3 	 0.171 	 21 	 8 	 0 	 0.000 
 4 	 6 		A	 220 	 61 	 22934 	 ◊ 	E	 209 	 57 	 21380 	  2009.5 	  -14.4 	 0.192 	 14 	 4 	 0 	 0.000 
 5 	 7 		B	 221 	 58 	 23242 	 ◊ 	E	 203 	 62 	 21380 	  1963.6 	  -13.7 	 0.157 	 15 	 3 	 0 	 0.000 
 6 	 8 		P	 143 	 43 	 5513 	 ◊ 	Q	 152 	 39 	 5527 	  1588.4 	  -36.5 	 0.866 	 4 	 0 	 0 	 0.000 
 9 		S	 144 	 41 	 5464 	 ◊ 	T	 151 	 39 	 5474 	  1547.1 	  -36.6 	 0.844 	 2 	 0 	 0 	 0.000 
 10 		O	 145 	 45 	 5571 	 ◊ 	P	 147 	 39 	 5513 	  1540.3 	  -35.9 	 0.855 	 3 	 0 	 0 	 0.000 
 11 		R	 147 	 43 	 5470 	 ◊ 	S	 144 	 38 	 5464 	  1533.9 	  -37.7 	 0.787 	 1 	 0 	 0 	 0.000 
 12 		K	 139 	 41 	 5702 	 ◊ 	L	 149 	 38 	 5578 	  1533.7 	  -37.4 	 0.866 	 1 	 0 	 0 	 0.000 
 13 		M	 138 	 43 	 5446 	 ◊ 	N	 147 	 37 	 5645 	  1520.3 	  -37.2 	 0.819 	 5 	 0 	 0 	 0.000 
 14 		N	 143 	 42 	 5645 	 ◊ 	O	 146 	 38 	 5571 	  1514.3 	  -38.7 	 0.760 	 3 	 0 	 0 	 0.000 
 15 		L	 131 	 41 	 5578 	 ◊ 	M	 145 	 38 	 5446 	  1511.3 	  -37.7 	 0.737 	 1 	 0 	 0 	 0.000 
 16 		Q	 144 	 43 	 5527 	 ◊ 	R	 147 	 39 	 5470 	  1499.0 	  -39.1 	 0.776 	 2 	 0 	 0 	 0.000 
 17 		K	 146 	 39 	 5702 	 ◊ 	T	 142 	 43 	 5474 	  1473.5 	  -36.9 	 0.848 	 3 	 0 	 0 	 0.000 
Average: 	  1526.2 	  -37.4 	 0.816 	 3 	 0 	 0 	 0.000 
 7 	 18 		8	 120 	 26 	 4662 	 ◊ 	X	 148 	 38 	 14208 	  1303.9 	  -28.1 	 0.818 	 5 	 0 	 0 	 0.000 
 8 	 19 		G	 126 	 33 	 15430 	 ◊ 	I	 122 	 29 	 5020 	  1164.7 	  -11.7 	 0.482 	 13 	 4 	 0 	 0.000 
 9 	 20 		Z	 116 	 33 	 14936 	 ◊ 	6	 134 	 35 	 8901 	  1115.3 	  -11.3 	 0.690 	 7 	 0 	 0 	 0.000 
 10 	 21 		7	 125 	 36 	 16571 	 ◊ 	U	 113 	 26 	 8299 	  1072.4 	  -11.9 	 0.859 	 7 	 0 	 0 	 0.000 
 11 	 22 		Z	 104 	 24 	 14936 	 ◊ 	X	 107 	 27 	 14208 	  1057.3 	  -24.4 	 0.311 	 3 	 0 	 0 	 0.000 
 12 	 23 		H	 109 	 33 	 8098 	 ◊ 	I	 101 	 28 	 5020 	  1057.0 	  -15.9 	 0.320 	 8 	 3 	 0 	 0.000 
 13 	 24 		G	 120 	 29 	 15430 	 ◊ 	H	 100 	 29 	 8098 	  980.0 	  -15.0 	 0.153 	 7 	 0 	 0 	 0.000 
 14 	 25 		7	 75 	 22 	 16571 	 ◊ 	8	 75 	 15 	 4662 	  781.7 	  -15.4 	 0.424 	 4 	 1 	 0 	 0.000 
 15 	 26 		7	 82 	 24 	 16571 	 ◊ 	6	 84 	 25 	 8901 	  778.4 	  -4.7 	 0.831 	 4 	 1 	 0 	 0.000 
 16 	 27 		Y	 80 	 27 	 11892 	 ◊ 	Z	 80 	 24 	 14936 	  767.0 	  -12.6 	 0.394 	 2 	 2 	 0 	 0.000 
 17 	 28 		7	 83 	 22 	 16571 	 ◊ 	X	 82 	 22 	 14208 	  755.0 	  -9.0 	 0.760 	 8 	 1 	 0 	 0.000 
 18 	 29 		U	 82 	 24 	 8299 	 ◊ 	X	 67 	 21 	 14208 	  728.5 	  -15.1 	 0.616 	 2 	 0 	 0 	 0.000 
 19 	 30 		Y	 70 	 19 	 11892 	 ◊ 	A	 63 	 20 	 22934 	  717.2 	  -10.5 	 0.085 	 2 	 1 	 0 	 0.000 
 20 	 31 		8	 66 	 16 	 4662 	 ◊ 	J	 70 	 19 	 4136 	  713.4 	  -16.9 	 0.659 	 3 	 0 	 0 	 0.000 
 21 	 32 		Y	 67 	 23 	 11892 	 ◊ 	C	 69 	 16 	 23687 	  666.9 	  -8.0 	 0.273 	 5 	 2 	 0 	 0.000 
 22 	 33 		A	 74 	 23 	 22934 	 ◊ 	G	 53 	 20 	 15430 	  656.5 	  -9.3 	 0.088 	 4 	 3 	 0 	 0.000 
 23 	 34 		Z	 67 	 26 	 14936 	 ◊ 	U	 69 	 26 	 8299 	  654.4 	  -8.9 	 0.710 	 1 	 0 	 0 	 0.000 
 24 	 35 		Y	 61 	 20 	 11892 	 ◊ 	B	 69 	 27 	 23242 	  619.8 	  -8.0 	 0.250 	 1 	 0 	 0 	 0.000 
 25 	 36 		S	 62 	 17 	 5464 	 ◊ 	X	 67 	 21 	 14208 	  609.6 	  -15.5 	 0.612 	 1 	 0 	 0 	 0.000 
 26 	 37 		X	 64 	 18 	 14208 	 ◊ 	J	 50 	 14 	 4136 	  593.1 	  -15.3 	 0.435 	 2 	 0 	 0 	 0.000 
 27 	 38 		F	 53 	 15 	 20935 	 ◊ 	G	 66 	 24 	 15430 	  585.6 	  -6.5 	 0.265 	 4 	 2 	 0 	 0.000 
 28 	 39 		D	 64 	 16 	 21157 	 ◊ 	G	 57 	 20 	 15430 	  582.3 	  -9.2 	 0.103 	 3 	 2 	 0 	 0.000 
 29 	 40 		T	 47 	 15 	 5474 	 ◊ 	X	 51 	 22 	 14208 	  499.0 	  -9.3 	 0.655 	 0 	 0 	 0 	 0.000 
 30 	 41 		B	 52 	 14 	 23242 	 ◊ 	7	 54 	 16 	 16571 	  451.9 	  -5.1 	 0.433 	 1 	 0 	 0 	 0.000 
 31 	 42 		E	 45 	 15 	 21380 	 ◊ 	G	 41 	 14 	 15430 	  419.5 	  -3.6 	 0.288 	 2 	 1 	 0 	 0.000 
 32 	 43 		B	 53 	 17 	 23242 	 ◊ 	G	 48 	 17 	 15430 	  397.0 	  -0.7 	 0.635 	 3 	 3 	 0 	 0.000 
 33 	 44 		F	 54 	 20 	 20935 	 ◊ 	[ADP]F:600	 27 	 1 	 562 	  372.1 	  -6.2 	 0.478 	 8 	 0 	 0 	 0.000 
 45 		D	 57 	 19 	 21157 	 ◊ 	[ADP]D:600	 27 	 1 	 554 	  371.2 	  -6.3 	 0.427 	 8 	 0 	 0 	 0.000 
Average: 	  371.6 	  -6.3 	 0.452 	 8 	 0 	 0 	 0.000 
 34 	 46 		C	 62 	 20 	 23687 	 ◊ 	[ATP]C:600	 30 	 1 	 613 	  370.2 	  0.0 	 0.608 	 12 	 0 	 0 	 0.000 
 47 		A	 59 	 17 	 22934 	 ◊ 	[ATP]A:600	 29 	 1 	 606 	  350.0 	  -0.3 	 0.587 	 8 	 0 	 0 	 0.000 
Average: 	  360.1 	  -0.2 	 0.597 	 10 	 0 	 0 	 0.000 
 35 	 48 		K	 36 	 11 	 5702 	 ◊ 	X	 28 	 10 	 14208 	  367.3 	  -10.7 	 0.298 	 0 	 0 	 0 	 0.000 
 36 	 49 		B	 54 	 18 	 23242 	 ◊ 	[ATP]B:600	 29 	 1 	 607 	  353.1 	  -1.1 	 0.517 	 11 	 0 	 0 	 0.000 
 37 	 50 		C	 44 	 17 	 23687 	 ◊ 	G	 37 	 16 	 15430 	  343.7 	  -2.6 	 0.408 	 0 	 0 	 0 	 0.000 
 38 	 51 		R	 28 	 9 	 5470 	 ◊ 	X	 30 	 13 	 14208 	  318.1 	  -11.0 	 0.161 	 0 	 0 	 0 	 0.000 
 39 	 52 		6	 34 	 9 	 8901 	 ◊ 	U	 35 	 11 	 8299 	  311.6 	  -5.9 	 0.494 	 2 	 0 	 0 	 0.000 
 40 	 53 		B	 33 	 12 	 23242 	 ◊ 	Z	 30 	 10 	 14936 	  264.5 	  0.6 	 0.813 	 0 	 1 	 0 	 0.000 
 41 	 54 		K	 24 	 6 	 5702 	 ◊ 	H	 29 	 10 	 8098 	  254.8 	  -1.7 	 0.557 	 4 	 1 	 0 	 0.000 
 42 	 55 		B	 30 	 10 	 23242 	 ◊ 	6	 25 	 8 	 8901 	  249.0 	  -2.8 	 0.240 	 2 	 0 	 0 	 0.000 
 43 	 56 		L	 24 	 6 	 5578 	 ◊ 	H	 28 	 9 	 8098 	  228.4 	  -0.4 	 0.851 	 2 	 0 	 0 	 0.000 
 44 	 57 		7	 20 	 7 	 16571 	 ◊ 	J	 22 	 6 	 4136 	  219.0 	  -2.6 	 0.694 	 1 	 2 	 0 	 0.000 
 45 	 58 		Z	 20 	 8 	 14936 	 ◊ 	8	 22 	 4 	 4662 	  200.2 	  -3.0 	 0.633 	 0 	 0 	 0 	 0.000 
 46 	 59 		U	 17 	 4 	 8299 	 ◊ 	8	 14 	 4 	 4662 	  145.4 	  -1.8 	 0.703 	 0 	 0 	 0 	 0.000 
 47 	 60 		C	 9 	 3 	 23687 	 ◊ 	E	 20 	 5 	 21380 	  140.3 	  1.6 	 0.839 	 3 	 0 	 0 	 0.000 
 48 	 61 		Y	 19 	 8 	 11892 	 ◊ 	D	 14 	 4 	 21157 	  137.2 	  0.2 	 0.757 	 1 	 2 	 0 	 0.000 
 49 	 62 		M	 12 	 4 	 5446 	 ◊ 	H	 12 	 5 	 8098 	  117.4 	  -1.2 	 0.704 	 1 	 0 	 0 	 0.000 
 50 	 63 		B	 15 	 4 	 23242 	 ◊ 	[ADP]F:600	 12 	 1 	 562 	  113.2 	  -3.4 	 0.498 	 2 	 0 	 0 	 0.000 
 64 		C	 14 	 4 	 23687 	 ◊ 	[ADP]D:600	 13 	 1 	 554 	  95.9 	  -1.1 	 0.683 	 2 	 0 	 0 	 0.000 
Average: 	  104.5 	  -2.3 	 0.591 	 2 	 0 	 0 	 0.000 
 51 	 65 		S	 14 	 4 	 5464 	 ◊ 	G	 17 	 4 	 15430 	  106.3 	  0.4 	 0.688 	 0 	 0 	 0 	 0.000 
 52 	 66 		F	 18 	 8 	 20935 	 ◊ 	[ATP]C:600	 11 	 1 	 613 	  105.8 	  -0.2 	 0.604 	 0 	 0 	 0 	 0.000 
 67 		D	 18 	 8 	 21157 	 ◊ 	[ATP]A:600	 11 	 1 	 606 	  103.5 	  -0.4 	 0.572 	 0 	 0 	 0 	 0.000 
Average: 	  104.6 	  -0.3 	 0.588 	 0 	 0 	 0 	 0.000 
 53 	 68 		E	 12 	 3 	 21380 	 ◊ 	[ATP]B:600	 13 	 1 	 607 	  105.2 	  0.2 	 0.587 	 2 	 0 	 0 	 0.000 
 54 	 69 		T	 10 	 3 	 5474 	 ◊ 	H	 12 	 4 	 8098 	  81.3 	  -1.6 	 0.417 	 0 	 0 	 0 	 0.000 
 55 	 70 		T	 8 	 3 	 5474 	 ◊ 	G	 11 	 3 	 15430 	  67.7 	  0.2 	 0.798 	 0 	 2 	 0 	 0.000 
 56 	 71 		S	 11 	 4 	 5464 	 ◊ 	7	 5 	 2 	 16571 	  63.9 	  -1.6 	 0.536 	 0 	 0 	 0 	 0.000 
 57 	 72 		D	 5 	 2 	 21157 	 ◊ 	F	 9 	 3 	 20935 	  61.6 	  -1.9 	 0.117 	 0 	 0 	 0 	 0.000 
 58 	 73 		Q	 6 	 1 	 5527 	 ◊ 	G	 7 	 2 	 15430 	  60.7 	  -0.1 	 0.584 	 0 	 0 	 0 	 0.000 
 59 	 74 		P	 6 	 1 	 5513 	 ◊ 	G	 6 	 2 	 15430 	  59.3 	  0.6 	 0.766 	 1 	 3 	 0 	 0.000 
 60 	 75 		O	 4 	 1 	 5571 	 ◊ 	G	 10 	 4 	 15430 	  56.2 	  1.0 	 0.752 	 1 	 0 	 0 	 0.000 
 61 	 76 		Y	 10 	 5 	 11892 	 ◊ 	6	 5 	 3 	 8901 	  53.5 	  -1.1 	 0.472 	 0 	 0 	 0 	 0.000 
 62 	 77 		R	 7 	 2 	 5470 	 ◊ 	G	 7 	 3 	 15430 	  53.5 	  0.5 	 0.823 	 0 	 0 	 0 	 0.000 
 63 	 78 		Y	 9 	 5 	 11892 	 ◊ 	F	 6 	 3 	 20935 	  48.5 	  0.4 	 0.769 	 0 	 0 	 0 	 0.000 
 64 	 79 		O	 6 	 3 	 5571 	 ◊ 	I	 3 	 3 	 5020 	  39.6 	  -1.2 	 0.413 	 0 	 0 	 0 	 0.000 
 65 	 80 		K	 8 	 1 	 5702 	 ◊ 	G	 3 	 1 	 15430 	  23.2 	  0.0 	 0.834 	 0 	 0 	 0 	 0.000 
 66 	 81 		A	 4 	 2 	 22934 	 ◊ 	C	 3 	 1 	 23687 	  18.2 	  -0.4 	 0.418 	 0 	 0 	 0 	 0.000 
 67 	 82 		S	 1 	 1 	 5464 	 ◊ 	H	 1 	 1 	 8098 	  7.7 	  0.2 	 0.511 	 0 	 0 	 0 	 0.000 
 68 	 83 		N	 2 	 1 	 5645 	 ◊ 	H	 1 	 1 	 8098 	  6.6 	  -0.0 	 0.720 	 0 	 0 	 0 	 0.000 
 69 	 84 		T	 1 	 1 	 5474 	 ◊ 	7	 2 	 1 	 16571 	  5.6 	  0.2 	 0.827 	 0 	 0 	 0 	 0.000 
 70 	 85 		N	 1 	 1 	 5645 	 ◊ 	G	 1 	 1 	 15430 	  2.7 	  -0.0 	 0.604 	 0 	 0 	 0 	 0.000 
 71 	 86 		N	 1 	 1 	 5645 	 ◊ 	I	 1 	 1 	 5020 	  2.2 	  -0.0 	 0.641 	 0 	 0 	 0 	 0.000 
 72 	 87 		E	 1 	 1 	 21380 	 ◊ 	Z	 1 	 1 	 14936 	  0.3 	  0.0 	 0.715 	 0 	 0 	 0 	 0.000 
   View    Details    Download Search
PDBe PISA v1.52 [20/10/2014]
Protein Data Bank in Europe (PDBe)is a member ofwwPDBEMDataBank
EMBL European Bioinformatics Institute
News
Our impact
Contact us
Intranet
Services
By topic
By name (A-Z)
Help & Support
Research
Overview
Publications
Research groups
Postdocs & PhDs
Training
Overview
Train at EBI
Train outside EBI
Train online
Contact organisers
Industry
Overview
Members Area
Workshops
SME Forum
Contact Industry programme
About us
Overview
Leadership
Funding
Background
Collaboration
Jobs
People & groups
News
Events
Visit us
Contact us
EMBL-EBI, Wellcome Genome Campus, Hinxton, Cambridgeshire, CB10 1SD, UK     +44 (0)1223 49 44 44

Copyright © EMBL-EBI 2020 | EBI is an outstation of the European Molecular Biology Laboratory | Terms of use
