Skip to main content
Skip to local navigation
Skip to EBI global navigation menu
Skip to expanded EBI global navigation menu (includes all sub-sections)
EMBL European Bioinformatics Institute
Services
Research
Training
About us
Protein Data Bank in Europe Protein Data Bank
in EuropeBringing Structure to Biology
PDBePISA
 Feedback
 Share
PISA Interface List.

Session Map help (id=775-6C-DBC)
Start	Interfaces	Interface Search
 	Monomers	 
 	Assemblies	 
 Interfaces in PDB 6fkf
CHLOROPLAST F1FO CONFORMATION 1
Interfaces help   XML    View    Details    Download Search
 ## 	 Structure 1 	 × 	 Structure 2 	 interface 
 area, Å2 	 ΔiG 
 kcal/mol 	 ΔiG 
 P-value 	 NHB 	 NSB 	 NDS 	 CSS 
 Id 	 NN 	 «» 	 Range 	 iNat 	 iNres 	 Surface Å2 	 Range 	 iNat 	 iNres 	 Surface Å2 
 1 	 1 		E	 288 	 82 	 23414 	 ◊ 	F	 294 	 85 	 21177 	  2763.8 	  -23.9 	 0.064 	 29 	 10 	 0 	 0.000 
 2 	 2 		A	 229 	 62 	 24346 	 ◊ 	F	 234 	 73 	 21177 	  2219.0 	  -9.8 	 0.296 	 24 	 8 	 0 	 0.000 
 3 		E	 233 	 62 	 23414 	 ◊ 	D	 245 	 76 	 21144 	  2158.9 	  -12.2 	 0.276 	 16 	 6 	 0 	 0.000 
Average: 	  2189.0 	  -11.0 	 0.286 	 20 	 7 	 0 	 0.000 
 3 	 4 		p	 209 	 54 	 14122 	 ◊ 	b	 221 	 62 	 16153 	  2163.3 	  -48.4 	 0.101 	 4 	 1 	 0 	 0.000 
 4 	 5 		C	 223 	 62 	 23559 	 ◊ 	D	 232 	 67 	 21144 	  2100.7 	  -15.4 	 0.165 	 19 	 8 	 0 	 0.000 
 5 	 6 		p	 162 	 35 	 14122 	 ◊ 	a	 198 	 55 	 13676 	  1910.7 	  -43.5 	 0.102 	 8 	 2 	 0 	 0.000 
 6 	 7 		A	 199 	 61 	 24346 	 ◊ 	B	 211 	 61 	 21239 	  1875.0 	  -12.2 	 0.244 	 21 	 8 	 0 	 0.000 
 7 	 8 		P	 178 	 51 	 5826 	 ◊ 	Q	 180 	 46 	 5775 	  1843.1 	  -36.6 	 0.805 	 6 	 0 	 0 	 0.000 
 9 		O	 175 	 50 	 5729 	 ◊ 	P	 181 	 45 	 5826 	  1824.1 	  -36.2 	 0.829 	 7 	 0 	 0 	 0.000 
 10 		G	 180 	 49 	 5785 	 ◊ 	H	 184 	 45 	 5746 	  1817.1 	  -35.5 	 0.837 	 10 	 0 	 0 	 0.000 
 11 		H	 179 	 50 	 5746 	 ◊ 	I	 179 	 46 	 5774 	  1810.1 	  -36.3 	 0.792 	 8 	 0 	 0 	 0.000 
 12 		R	 176 	 50 	 5764 	 ◊ 	S	 181 	 46 	 5697 	  1805.5 	  -36.2 	 0.811 	 6 	 0 	 0 	 0.000 
 13 		L	 180 	 50 	 5725 	 ◊ 	M	 177 	 46 	 5764 	  1804.5 	  -36.1 	 0.793 	 6 	 0 	 0 	 0.000 
 14 		G	 181 	 45 	 5785 	 ◊ 	T	 182 	 51 	 5773 	  1797.7 	  -35.2 	 0.837 	 6 	 0 	 0 	 0.000 
 15 		N	 181 	 49 	 5705 	 ◊ 	O	 180 	 46 	 5729 	  1793.9 	  -36.8 	 0.826 	 7 	 0 	 0 	 0.000 
 16 		Q	 178 	 51 	 5775 	 ◊ 	R	 178 	 45 	 5764 	  1790.8 	  -35.8 	 0.810 	 9 	 0 	 0 	 0.000 
 17 		S	 171 	 50 	 5697 	 ◊ 	T	 176 	 45 	 5773 	  1785.3 	  -36.3 	 0.748 	 7 	 0 	 0 	 0.000 
 18 		I	 165 	 48 	 5774 	 ◊ 	J	 180 	 45 	 5658 	  1772.8 	  -35.5 	 0.781 	 9 	 2 	 0 	 0.000 
 19 		M	 171 	 48 	 5764 	 ◊ 	N	 170 	 45 	 5705 	  1744.5 	  -35.0 	 0.794 	 9 	 1 	 0 	 0.000 
 20 		J	 171 	 48 	 5658 	 ◊ 	K	 170 	 46 	 5646 	  1733.0 	  -34.4 	 0.798 	 9 	 2 	 0 	 0.000 
 21 		K	 171 	 49 	 5646 	 ◊ 	L	 174 	 45 	 5725 	  1714.8 	  -34.0 	 0.820 	 11 	 0 	 0 	 0.000 
Average: 	  1788.4 	  -35.7 	 0.806 	 8 	 0 	 0 	 0.000 
 8 	 22 		C	 203 	 56 	 23559 	 ◊ 	B	 187 	 54 	 21239 	  1831.6 	  -13.2 	 0.192 	 15 	 4 	 0 	 0.000 
 9 	 23 		g	 149 	 45 	 18418 	 ◊ 	e	 142 	 37 	 8161 	  1459.3 	  -15.2 	 0.107 	 15 	 5 	 0 	 0.000 
 10 	 24 		b	 104 	 26 	 16153 	 ◊ 	a	 122 	 32 	 13676 	  1162.0 	  -20.3 	 0.423 	 4 	 4 	 0 	 0.000 
 11 	 25 		B	 93 	 27 	 21239 	 ◊ 	g	 90 	 27 	 18418 	  928.0 	  -7.8 	 0.259 	 13 	 6 	 0 	 0.000 
 12 	 26 		d	 94 	 27 	 11202 	 ◊ 	b	 98 	 24 	 16153 	  909.0 	  -14.1 	 0.254 	 2 	 0 	 0 	 0.000 
 13 	 27 		A	 87 	 24 	 24346 	 ◊ 	d	 79 	 21 	 11202 	  768.4 	  -6.0 	 0.361 	 7 	 2 	 0 	 0.000 
 14 	 28 		E	 62 	 15 	 23414 	 ◊ 	d	 78 	 20 	 11202 	  721.5 	  -13.0 	 0.043 	 3 	 0 	 0 	 0.000 
 15 	 29 		A	 74 	 21 	 24346 	 ◊ 	g	 67 	 23 	 18418 	  684.1 	  -9.1 	 0.125 	 1 	 4 	 0 	 0.000 
 16 	 30 		C	 68 	 12 	 23559 	 ◊ 	d	 76 	 21 	 11202 	  682.3 	  -5.1 	 0.400 	 11 	 3 	 0 	 0.000 
 17 	 31 		A	 66 	 16 	 24346 	 ◊ 	p	 61 	 17 	 14122 	  670.3 	  -6.9 	 0.411 	 5 	 0 	 0 	 0.000 
 18 	 32 		A	 64 	 21 	 24346 	 ◊ 	b	 73 	 22 	 16153 	  618.6 	  -7.1 	 0.318 	 1 	 4 	 0 	 0.000 
 19 	 33 		a	 69 	 22 	 13676 	 ◊ 	K	 61 	 14 	 5646 	  606.8 	  -13.8 	 0.429 	 1 	 0 	 0 	 0.000 
 20 	 34 		F	 67 	 20 	 21177 	 ◊ 	g	 62 	 23 	 18418 	  580.4 	  -11.0 	 0.059 	 2 	 3 	 0 	 0.000 
 21 	 35 		a	 44 	 16 	 13676 	 ◊ 	L	 55 	 15 	 5725 	  523.3 	  -14.7 	 0.130 	 1 	 0 	 0 	 0.000 
 22 	 36 		a	 53 	 17 	 13676 	 ◊ 	J	 46 	 14 	 5658 	  451.4 	  -7.7 	 0.720 	 1 	 1 	 0 	 0.000 
 23 	 37 		C	 47 	 16 	 23559 	 ◊ 	g	 33 	 11 	 18418 	  406.2 	  -2.2 	 0.455 	 2 	 5 	 0 	 0.000 
 24 	 38 		A	 52 	 18 	 24346 	 ◊ 	[ATP]A:600	 30 	 1 	 615 	  383.4 	  -1.1 	 0.602 	 15 	 0 	 0 	 0.000 
 39 		E	 57 	 20 	 23414 	 ◊ 	[ATP]E:600	 30 	 1 	 621 	  379.8 	  -0.7 	 0.587 	 14 	 0 	 0 	 0.000 
 40 		C	 54 	 19 	 23559 	 ◊ 	[ATP]C:600	 30 	 1 	 615 	  365.8 	  -2.1 	 0.494 	 11 	 0 	 0 	 0.000 
Average: 	  376.3 	  -1.3 	 0.561 	 13 	 0 	 0 	 0.000 
 25 	 41 		D	 49 	 17 	 21144 	 ◊ 	[ADP]D:600	 27 	 1 	 548 	  366.6 	  -5.9 	 0.440 	 12 	 0 	 0 	 0.000 
 42 		F	 53 	 18 	 21177 	 ◊ 	[ADP]F:600	 27 	 1 	 545 	  329.3 	  -5.5 	 0.489 	 9 	 0 	 0 	 0.000 
Average: 	  347.9 	  -5.7 	 0.464 	 11 	 0 	 0 	 0.000 
 26 	 43 		D	 39 	 12 	 21144 	 ◊ 	g	 43 	 19 	 18418 	  365.7 	  -4.6 	 0.274 	 4 	 1 	 0 	 0.000 
 27 	 44 		L	 34 	 7 	 5725 	 ◊ 	e	 33 	 9 	 8161 	  288.2 	  -1.4 	 0.495 	 2 	 0 	 0 	 0.000 
 28 	 45 		K	 26 	 6 	 5646 	 ◊ 	e	 29 	 11 	 8161 	  219.7 	  -1.7 	 0.474 	 1 	 0 	 0 	 0.000 
 29 	 46 		a	 19 	 9 	 13676 	 ◊ 	I	 29 	 10 	 5774 	  207.3 	  -4.8 	 0.487 	 0 	 0 	 0 	 0.000 
 30 	 47 		J	 26 	 5 	 5658 	 ◊ 	e	 23 	 8 	 8161 	  192.9 	  -0.9 	 0.671 	 1 	 0 	 0 	 0.000 
 31 	 48 		E	 25 	 11 	 23414 	 ◊ 	g	 22 	 9 	 18418 	  182.2 	  -1.8 	 0.401 	 1 	 0 	 0 	 0.000 
 32 	 49 		p	 16 	 5 	 14122 	 ◊ 	K	 19 	 7 	 5646 	  158.3 	  -2.9 	 0.612 	 0 	 0 	 0 	 0.000 
 33 	 50 		d	 10 	 4 	 11202 	 ◊ 	p	 17 	 5 	 14122 	  137.0 	  0.2 	 0.741 	 2 	 0 	 0 	 0.000 
 34 	 51 		M	 12 	 4 	 5764 	 ◊ 	e	 15 	 5 	 8161 	  124.5 	  1.3 	 0.565 	 3 	 0 	 0 	 0.000 
 35 	 52 		E	 15 	 4 	 23414 	 ◊ 	[ADP]F:600	 10 	 1 	 545 	  116.8 	  -1.8 	 0.559 	 2 	 0 	 0 	 0.000 
 36 	 53 		g	 12 	 3 	 18418 	 ◊ 	M	 14 	 3 	 5764 	  113.2 	  -0.9 	 0.447 	 1 	 1 	 0 	 0.000 
 37 	 54 		B	 16 	 6 	 21239 	 ◊ 	[ATP]C:600	 11 	 1 	 615 	  103.1 	  -0.7 	 0.550 	 2 	 0 	 0 	 0.000 
 38 	 55 		g	 11 	 2 	 18418 	 ◊ 	N	 10 	 2 	 5705 	  102.8 	  -1.3 	 0.404 	 0 	 0 	 0 	 0.000 
 39 	 56 		I	 18 	 4 	 5774 	 ◊ 	e	 11 	 5 	 8161 	  101.1 	  1.6 	 0.909 	 0 	 3 	 0 	 0.000 
 40 	 57 		F	 14 	 7 	 21177 	 ◊ 	[ATP]A:600	 12 	 1 	 615 	  96.1 	  -0.4 	 0.599 	 0 	 0 	 0 	 0.000 
 58 		D	 12 	 7 	 21144 	 ◊ 	[ATP]E:600	 10 	 1 	 621 	  86.3 	  -0.6 	 0.543 	 2 	 0 	 0 	 0.000 
Average: 	  91.2 	  -0.5 	 0.571 	 1 	 0 	 0 	 0.000 
 41 	 59 		B	 7 	 2 	 21239 	 ◊ 	d	 11 	 3 	 11202 	  95.1 	  1.2 	 0.814 	 1 	 2 	 0 	 0.000 
 42 	 60 		D	 9 	 4 	 21144 	 ◊ 	F	 8 	 3 	 21177 	  94.4 	  -2.3 	 0.124 	 0 	 0 	 0 	 0.000 
 43 	 61 		g	 14 	 3 	 18418 	 ◊ 	R	 9 	 1 	 5764 	  88.1 	  -0.3 	 0.629 	 1 	 0 	 0 	 0.000 
 44 	 62 		g	 11 	 3 	 18418 	 ◊ 	S	 7 	 2 	 5697 	  82.9 	  0.5 	 0.709 	 0 	 0 	 0 	 0.000 
 45 	 63 		C	 13 	 6 	 23559 	 ◊ 	[ADP]D:600	 8 	 1 	 548 	  75.0 	  -2.7 	 0.344 	 0 	 0 	 0 	 0.000 
 46 	 64 		p	 8 	 2 	 14122 	 ◊ 	J	 5 	 2 	 5658 	  69.3 	  -2.2 	 0.310 	 0 	 0 	 0 	 0.000 
 47 	 65 		g	 9 	 3 	 18418 	 ◊ 	T	 3 	 1 	 5773 	  64.1 	  1.9 	 0.849 	 3 	 3 	 0 	 0.000 
 48 	 66 		D	 8 	 4 	 21144 	 ◊ 	d	 9 	 5 	 11202 	  63.4 	  0.4 	 0.720 	 0 	 0 	 0 	 0.000 
 49 	 67 		F	 10 	 6 	 21177 	 ◊ 	[MG]F:601	 1 	 1 	 98 	  49.8 	  -6.7 	 0.000 	 0 	 0 	 0 	 0.000 
 68 		D	 13 	 6 	 21144 	 ◊ 	[MG]D:601	 1 	 1 	 98 	  47.1 	  -5.4 	 0.000 	 0 	 0 	 0 	 0.000 
Average: 	  48.4 	  -6.1 	 0.000 	 0 	 0 	 0 	 0.000 
 50 	 69 		A	 13 	 6 	 24346 	 ◊ 	[MG]A:601	 1 	 1 	 98 	  46.1 	  -5.0 	 0.000 	 0 	 0 	 0 	 0.000 
 70 		C	 9 	 5 	 23559 	 ◊ 	[MG]C:601	 1 	 1 	 98 	  45.0 	  -5.0 	 0.000 	 0 	 0 	 0 	 0.000 
 71 		E	 9 	 4 	 23414 	 ◊ 	[MG]E:601	 1 	 1 	 98 	  38.6 	  -4.4 	 0.000 	 0 	 0 	 0 	 0.000 
Average: 	  43.2 	  -4.8 	 0.000 	 0 	 0 	 0 	 0.000 
 51 	 72 		g	 5 	 2 	 18418 	 ◊ 	L	 5 	 1 	 5725 	  42.4 	  1.0 	 0.900 	 2 	 3 	 0 	 0.000 
 52 	 73 		g	 5 	 2 	 18418 	 ◊ 	O	 4 	 1 	 5729 	  42.3 	  0.4 	 0.666 	 1 	 0 	 0 	 0.000 
 53 	 74 		[ATP]E:600	 5 	 1 	 621 	 ◊ 	[MG]E:601	 1 	 1 	 98 	  38.9 	  -5.7 	 0.000 	 0 	 0 	 0 	 0.000 
 75 		[ATP]C:600	 4 	 1 	 615 	 ◊ 	[MG]C:601	 1 	 1 	 98 	  36.4 	  -4.9 	 0.000 	 0 	 0 	 0 	 0.000 
 76 		[ATP]A:600	 4 	 1 	 615 	 ◊ 	[MG]A:601	 1 	 1 	 98 	  35.1 	  -4.9 	 0.000 	 0 	 0 	 0 	 0.000 
Average: 	  36.8 	  -5.2 	 0.000 	 0 	 0 	 0 	 0.000 
 54 	 77 		[MG]D:601	 1 	 1 	 98 	 ◊ 	[ADP]D:600	 5 	 1 	 548 	  33.9 	  -5.2 	 0.000 	 0 	 0 	 0 	 0.000 
 78 		[MG]F:601	 1 	 1 	 98 	 ◊ 	[ADP]F:600	 4 	 1 	 545 	  26.8 	  -3.9 	 0.000 	 0 	 0 	 0 	 0.000 
Average: 	  30.4 	  -4.6 	 0.000 	 0 	 0 	 0 	 0.000 
 55 	 79 		a	 4 	 3 	 13676 	 ◊ 	M	 4 	 3 	 5764 	  32.5 	  -0.6 	 0.549 	 0 	 0 	 0 	 0.000 
 56 	 80 		H	 3 	 1 	 5746 	 ◊ 	e	 2 	 2 	 8161 	  29.9 	  1.0 	 0.928 	 1 	 0 	 0 	 0.000 
 57 	 81 		g	 4 	 1 	 18418 	 ◊ 	Q	 6 	 1 	 5775 	  27.8 	  -0.1 	 0.538 	 0 	 0 	 0 	 0.000 
 58 	 82 		g	 3 	 2 	 18418 	 ◊ 	K	 5 	 1 	 5646 	  21.2 	  0.5 	 0.863 	 0 	 0 	 0 	 0.000 
 59 	 83 		G	 3 	 1 	 5785 	 ◊ 	e	 2 	 1 	 8161 	  15.6 	  -0.0 	 0.528 	 0 	 0 	 0 	 0.000 
 60 	 84 		F	 1 	 1 	 21177 	 ◊ 	p	 2 	 1 	 14122 	  13.4 	  -0.0 	 0.354 	 0 	 0 	 0 	 0.000 
 61 	 85 		g	 1 	 1 	 18418 	 ◊ 	J	 3 	 1 	 5658 	  7.7 	  0.2 	 0.853 	 0 	 0 	 0 	 0.000 
 62 	 86 		g	 1 	 1 	 18418 	 ◊ 	I	 2 	 1 	 5774 	  5.6 	  0.2 	 0.850 	 0 	 0 	 0 	 0.000 
 63 	 87 		F	 1 	 1 	 21177 	 ◊ 	d	 1 	 1 	 11202 	  2.2 	  0.1 	 0.752 	 0 	 0 	 0 	 0.000 
   View    Details    Download Search
PDBe PISA v1.52 [20/10/2014]
Protein Data Bank in Europe (PDBe)is a member ofwwPDBEMDataBank
EMBL European Bioinformatics Institute
News
Our impact
Contact us
Intranet
Services
By topic
By name (A-Z)
Help & Support
Research
Overview
Publications
Research groups
Postdocs & PhDs
Training
Overview
Train at EBI
Train outside EBI
Train online
Contact organisers
Industry
Overview
Members Area
Workshops
SME Forum
Contact Industry programme
About us
Overview
Leadership
Funding
Background
Collaboration
Jobs
People & groups
News
Events
Visit us
Contact us
EMBL-EBI, Wellcome Genome Campus, Hinxton, Cambridgeshire, CB10 1SD, UK     +44 (0)1223 49 44 44

Copyright © EMBL-EBI 2020 | EBI is an outstation of the European Molecular Biology Laboratory | Terms of use
